clockTime	tick	w	a	s	d	mouse_x	mouse_y	is_fire	is_scope	is_jump	is_crouch	is_walking	is_reload	is_e	switch
01:55	210599	1	0	0	0	22	16	0	0	0	0	0	0	0	0
01:55	210607	1	0	0	0	22	16	0	0	0	0	0	0	0	0
01:55	210615	1	0	0	0	22	16	0	0	0	0	0	0	0	0
01:55	210623	1	0	0	0	22	16	0	0	0	0	0	0	0	0
01:55	210631	1	0	0	0	22	16	0	0	0	0	0	0	0	0
01:55	210639	1	0	0	0	22	16	0	0	0	0	0	0	0	0
01:55	210647	1	1	0	0	22	16	0	0	0	0	0	0	0	0
01:55	210655	1	1	0	0	21	16	0	0	0	0	0	0	0	0
01:55	210663	1	1	0	0	19	16	0	0	0	0	0	0	0	0
01:55	210671	1	1	0	0	16	17	0	0	0	0	0	0	0	0
01:55	210679	1	1	0	0	14	17	0	0	0	0	0	0	0	0
01:55	210687	1	1	0	0	17	17	0	0	0	0	0	0	0	0
01:55	210695	1	1	0	0	22	16	0	0	0	0	0	0	0	0
01:55	210703	1	1	0	0	22	16	0	0	0	0	0	0	0	0
01:55	210711	1	1	0	0	22	16	0	0	0	0	0	0	0	0
01:55	210719	1	1	0	0	22	16	0	0	0	0	0	0	0	0
01:54	210727	1	1	0	0	22	16	0	0	0	0	0	0	0	0
01:54	210735	1	0	0	0	22	16	0	0	0	0	0	0	0	0
01:54	210743	1	0	0	0	22	16	0	0	0	0	0	0	0	0
01:54	210751	1	0	0	0	22	16	0	0	0	0	0	0	0	0
01:54	210759	1	0	0	0	22	16	0	0	0	0	0	0	0	0
01:54	210767	1	0	0	0	22	16	0	0	0	0	0	0	0	0
01:54	210775	1	0	0	0	21	16	0	0	0	0	0	0	0	0
01:54	210783	1	0	0	0	18	16	0	0	0	0	0	0	0	0
01:54	210791	1	0	0	0	16	16	0	0	0	0	0	0	0	0
01:54	210799	1	1	0	0	20	16	0	0	0	0	0	0	0	0
01:54	210807	1	1	0	0	22	16	0	0	0	0	0	0	0	0
01:54	210815	1	0	0	0	22	16	0	0	0	0	0	0	0	0
01:54	210823	1	0	0	0	22	16	0	0	0	0	0	0	0	0
01:54	210831	1	0	0	0	22	16	0	0	0	0	0	0	0	0
01:54	210839	1	0	0	0	22	16	0	0	0	0	0	0	0	0
01:54	210847	1	0	0	0	22	16	0	0	0	0	0	0	0	0
01:53	210855	1	0	0	0	22	16	0	0	0	0	0	0	0	0
01:53	210863	1	0	0	0	22	16	0	0	0	0	0	0	0	0
01:53	210871	1	0	0	0	22	16	0	0	0	0	0	0	0	0
01:53	210879	1	0	0	0	22	16	0	0	0	0	0	0	0	0
01:53	210887	1	0	0	0	22	16	0	0	0	0	0	0	0	0
01:53	210895	1	0	0	0	22	16	0	0	0	0	0	0	0	0
01:53	210903	1	0	0	0	22	16	0	0	0	0	0	0	0	0
01:53	210911	1	0	0	0	22	16	0	0	0	0	0	0	0	0
01:53	210919	1	0	0	0	22	16	0	0	0	0	0	0	0	0
01:53	210927	1	1	0	0	22	16	0	0	0	0	0	0	0	0
01:53	210935	1	1	0	0	22	16	0	0	0	0	0	0	0	0
01:53	210943	1	1	0	0	22	16	0	0	0	0	0	0	0	0
01:53	210951	1	1	0	0	22	16	0	0	0	0	0	0	0	0
01:53	210959	1	1	0	0	22	16	0	0	0	0	0	0	0	0
01:53	210967	1	0	0	0	22	16	0	0	0	0	0	0	0	0
01:53	210975	1	0	0	0	25	16	0	0	0	0	0	0	0	0
01:52	210983	1	0	0	0	26	16	0	0	0	0	0	0	0	4
01:52	210991	1	0	0	0	26	16	0	0	0	0	0	0	0	0
01:52	210999	1	0	0	0	24	16	0	0	0	0	0	0	0	0
01:52	211007	1	0	0	0	23	16	0	0	0	0	0	0	0	0
01:52	211015	1	0	0	0	23	16	0	0	0	0	0	0	0	0
01:52	211023	1	0	0	0	23	16	0	0	1	0	0	0	0	0
01:52	211031	1	0	0	1	17	17	0	0	0	0	0	0	0	0
01:52	211039	1	0	0	1	16	17	0	0	0	0	0	0	0	0
01:52	211047	1	0	0	1	15	17	0	0	0	0	0	0	0	0
01:52	211055	1	0	0	1	16	17	0	0	0	0	0	0	0	0
01:52	211063	1	0	0	0	17	16	0	0	0	0	0	0	0	0
01:52	211071	1	0	0	0	20	16	0	0	0	0	0	0	0	0
01:52	211079	1	0	0	0	22	16	0	0	0	0	0	0	0	0
01:52	211087	1	0	0	0	22	16	0	0	0	0	0	0	0	0
01:52	211095	1	0	0	0	22	16	0	0	0	0	0	0	0	0
01:52	211103	1	0	0	0	22	16	0	0	0	0	0	0	0	0
01:51	211111	1	0	0	0	22	16	0	0	0	0	0	0	0	0
01:51	211119	1	0	0	0	22	16	0	0	0	0	0	0	0	0
01:51	211127	1	0	0	0	22	16	0	0	0	0	0	0	0	0
01:51	211135	1	0	0	0	22	16	0	0	0	0	0	0	0	0
01:51	211143	1	0	0	0	22	16	0	0	0	0	0	0	0	0
01:51	211151	1	0	0	0	21	16	0	0	0	0	0	0	0	0
01:51	211159	1	0	0	0	22	16	0	0	0	0	0	0	0	0
01:51	211167	1	0	0	0	22	16	0	0	0	0	0	0	0	3
01:51	211175	1	0	0	0	22	16	0	0	0	0	0	0	0	0
01:51	211183	1	0	0	0	22	16	0	0	0	0	0	0	0	0
01:51	211191	1	0	0	0	22	16	0	0	0	0	0	0	0	0
01:51	211199	1	0	0	0	22	16	0	0	0	0	0	0	0	0
01:51	211207	1	0	0	0	22	16	0	0	0	0	0	0	0	0
01:51	211215	1	0	0	0	22	16	0	0	0	0	0	0	0	0
01:51	211223	1	0	0	0	22	16	0	0	0	0	0	0	0	0
01:51	211231	1	0	0	0	22	16	0	0	0	0	0	0	0	0
01:50	211239	1	0	0	0	22	16	0	0	0	0	0	0	0	0
01:50	211247	1	0	0	0	22	16	0	0	0	0	0	0	0	0
01:50	211255	1	0	0	0	22	16	0	0	0	0	0	0	0	0
01:50	211263	1	0	0	0	22	16	0	0	0	0	0	0	0	0
01:50	211271	1	0	0	0	22	16	0	0	0	0	0	0	0	0
01:50	211279	1	0	0	0	22	16	0	0	0	0	0	0	0	0
01:50	211287	1	0	0	0	22	16	0	0	0	0	0	0	0	0
01:50	211295	1	0	0	0	22	16	0	0	0	0	0	0	0	0
01:50	211303	1	0	0	0	22	16	0	0	0	0	0	0	0	0
01:50	211311	1	0	0	0	22	16	0	0	0	0	0	0	0	0
01:50	211319	1	0	0	0	22	16	0	0	0	0	0	0	0	0
01:50	211327	1	0	0	0	22	16	0	0	0	0	0	0	0	0
01:50	211335	1	0	0	0	22	16	0	0	0	0	0	0	0	0
01:50	211343	1	0	0	0	22	16	0	0	0	0	0	0	0	0
01:50	211351	1	0	0	0	22	16	0	0	0	0	0	0	0	0
01:50	211359	1	0	0	0	21	16	0	0	0	0	0	0	0	0
01:49	211367	1	0	0	0	21	16	0	0	0	0	0	0	0	0
01:49	211375	1	0	0	0	21	16	0	0	0	0	0	0	0	0
01:49	211383	1	0	0	0	22	16	0	0	1	0	0	0	0	0
01:49	211391	1	0	0	0	21	16	0	0	0	0	0	0	0	0
01:49	211399	1	0	0	0	21	16	0	0	0	0	0	0	0	0
01:49	211407	1	0	0	0	22	16	0	0	0	0	0	0	0	0
01:49	211415	1	0	0	0	22	16	0	0	0	0	0	0	0	0
01:49	211423	1	0	0	0	22	16	0	0	0	0	0	0	0	0
01:49	211431	1	0	0	0	22	16	0	0	0	0	0	0	0	0
01:49	211439	1	0	0	0	22	16	0	0	0	0	0	0	0	0
01:49	211447	1	0	0	0	22	16	0	0	0	0	0	0	0	0
01:49	211455	1	0	0	0	22	16	0	0	0	0	0	0	0	4
01:49	211463	1	0	0	0	22	16	0	0	0	0	0	0	0	0
01:49	211471	1	0	0	0	22	16	0	0	0	0	0	0	0	0
01:49	211479	1	0	0	0	21	16	0	0	0	0	0	0	0	0
01:49	211487	1	0	0	0	22	16	0	0	0	0	0	0	0	0
01:48	211495	1	0	0	0	22	16	0	0	0	0	0	0	0	0
01:48	211503	1	0	0	0	22	16	0	0	0	0	0	0	0	3
01:48	211511	1	0	0	0	22	16	0	0	0	0	0	0	0	0
01:48	211519	1	0	0	0	22	16	0	0	0	0	0	0	0	0
01:48	211527	1	0	0	0	20	16	0	0	0	0	0	0	0	0
01:48	211535	1	0	0	0	19	16	0	0	0	0	0	0	0	0
01:48	211543	1	0	0	0	20	16	0	0	0	0	0	0	0	0
01:48	211551	1	0	0	0	22	16	0	0	0	0	0	0	0	0
01:48	211559	1	0	0	0	22	16	0	0	0	0	0	0	0	0
01:48	211567	1	0	0	0	22	16	0	0	0	0	0	0	0	0
01:48	211575	1	0	0	0	22	16	0	0	0	0	0	0	0	0
01:48	211583	1	0	0	0	22	16	0	0	0	0	0	0	0	1
01:48	211591	1	0	0	0	16	16	0	0	0	0	0	0	0	0
01:48	211599	1	0	0	0	11	16	0	0	0	0	0	0	0	0
01:48	211607	1	1	0	0	8	15	0	0	0	0	0	0	0	0
01:47	211615	1	1	0	0	8	15	0	0	0	0	0	0	0	0
01:47	211623	1	1	0	0	17	16	0	0	0	0	0	0	0	0
01:47	211631	1	1	0	0	22	16	0	0	0	0	0	0	0	0
01:47	211639	0	1	0	0	22	16	0	0	0	0	0	0	0	0
01:47	211647	0	1	0	0	22	16	0	0	0	0	0	0	0	0
01:47	211655	0	1	0	0	22	16	0	0	0	0	0	0	0	0
01:47	211663	0	1	0	0	22	16	0	0	0	0	0	0	0	0
01:47	211671	0	1	0	0	22	16	0	0	0	0	0	0	0	0
01:47	211679	0	1	0	0	22	16	0	0	0	0	0	0	0	0
01:47	211687	0	1	0	0	22	16	0	0	0	0	0	0	0	0
01:47	211695	1	1	0	0	22	16	0	0	0	0	0	0	0	0
01:47	211703	1	1	0	0	22	16	0	0	0	0	0	0	0	0
01:47	211711	1	1	0	0	22	16	0	0	0	0	0	0	0	0
01:47	211719	1	1	0	0	22	16	0	0	0	0	0	0	0	0
01:47	211727	1	1	0	0	22	16	0	0	0	0	0	0	0	0
01:47	211735	1	1	0	0	22	16	0	0	0	0	0	0	0	0
01:46	211743	1	1	0	0	22	16	0	0	0	0	0	0	0	0
01:46	211751	1	1	0	0	22	16	0	0	0	0	0	0	0	0
01:46	211759	1	1	0	0	22	16	0	0	0	0	0	0	0	0
01:46	211767	1	1	0	0	22	16	0	0	0	0	0	0	0	0
01:46	211775	1	1	0	0	22	16	0	0	0	0	0	0	0	0
01:46	211783	1	1	0	0	21	17	0	0	0	0	0	0	0	0
01:46	211791	1	1	0	0	21	17	0	0	0	0	0	0	0	0
01:46	211799	1	1	0	0	22	16	0	0	0	0	0	0	0	0
01:46	211807	1	1	0	0	22	16	0	0	0	0	0	0	0	0
01:46	211815	1	1	0	0	22	16	0	0	0	0	0	0	0	0
01:46	211823	1	1	0	0	27	16	0	0	0	0	0	0	0	0
01:46	211831	1	0	0	1	33	16	0	0	0	0	0	0	0	0
01:46	211839	1	0	0	1	28	17	0	0	0	0	0	0	0	0
01:46	211847	1	0	0	1	22	16	0	0	0	0	0	0	0	0
01:46	211855	1	0	0	1	22	16	0	0	0	0	0	0	0	0
01:46	211863	1	0	0	1	22	16	0	0	0	0	0	0	0	0
01:45	211871	1	0	0	1	22	16	0	0	0	0	0	0	0	0
01:45	211879	1	0	0	1	22	16	0	0	0	0	0	0	0	0
01:45	211887	1	0	0	1	22	16	0	0	0	0	0	0	0	0
01:45	211895	1	0	0	1	23	16	0	0	0	0	0	0	0	0
01:45	211903	1	0	0	1	23	16	0	0	0	0	0	0	0	0
01:45	211911	1	0	0	1	23	16	0	0	0	0	0	0	0	0
01:45	211919	1	0	0	1	23	16	0	0	0	0	0	0	0	0
01:45	211927	1	0	0	1	23	16	0	0	0	0	0	0	0	0
01:45	211935	1	1	0	0	22	16	0	0	0	0	0	0	0	0
01:45	211943	1	1	0	0	22	16	0	0	0	0	0	0	0	0
01:45	211951	1	1	0	0	22	16	0	0	0	0	0	0	0	0
01:45	211959	1	1	0	0	22	16	0	0	0	0	0	0	0	0
01:45	211967	1	0	0	1	22	16	0	0	0	0	0	0	0	0
01:45	211975	1	0	0	1	23	16	0	0	0	0	0	0	0	0
01:45	211983	1	0	0	1	23	16	0	0	0	0	0	0	0	0
01:45	211991	1	0	0	1	23	16	0	0	0	0	0	0	0	0
01:44	211999	1	0	0	1	23	16	0	0	0	0	0	0	0	0
01:44	212007	1	0	0	1	23	16	0	0	0	0	0	0	0	0
01:44	212015	1	0	0	1	24	16	0	0	0	0	0	0	0	0
01:44	212023	1	0	0	1	27	15	0	0	0	0	0	0	0	0
01:44	212031	1	0	0	1	31	14	0	0	0	0	0	0	0	0
01:44	212039	1	0	0	1	25	17	0	0	0	0	0	0	0	0
01:44	212047	1	0	0	1	22	16	0	0	0	0	0	0	0	0
01:44	212055	1	0	0	1	22	16	0	0	0	0	0	0	0	0
01:44	212063	1	0	0	1	22	16	0	0	0	0	0	0	0	0
01:44	212071	1	0	0	1	27	15	0	0	0	0	0	0	0	0
01:44	212079	1	0	0	1	30	14	0	0	0	0	0	0	0	0
01:44	212087	1	0	0	1	28	15	0	0	0	0	0	0	0	0
01:44	212095	1	0	0	1	26	15	0	0	0	0	0	0	0	0
01:44	212103	1	0	0	1	25	15	0	0	0	0	0	0	0	0
01:44	212111	1	0	0	1	26	15	0	0	0	0	0	0	0	0
01:44	212119	1	0	0	1	26	15	0	0	0	0	0	0	0	0
01:43	212127	1	0	0	1	26	14	0	0	0	0	0	0	0	0
01:43	212135	1	0	0	1	24	15	0	0	0	0	0	0	0	0
01:43	212143	1	0	0	1	23	16	0	0	0	0	0	0	0	0
01:43	212151	1	0	0	1	24	17	0	0	0	0	0	0	0	0
01:43	212159	1	0	0	1	29	18	0	0	0	0	0	0	0	0
01:43	212167	1	0	0	1	28	17	0	0	0	0	0	0	0	0
01:43	212175	1	0	0	1	29	16	0	0	0	0	0	0	0	0
01:43	212183	1	0	0	1	29	15	0	0	0	0	0	0	0	0
01:43	212191	1	0	0	1	29	14	0	0	0	0	0	0	0	0
01:43	212199	1	0	0	1	28	14	0	0	0	0	0	0	0	0
01:43	212207	1	0	0	1	26	14	0	0	0	0	0	0	0	0
01:43	212215	0	0	0	1	25	15	0	0	0	0	0	0	0	0
01:43	212223	0	0	0	1	24	15	0	0	0	0	0	0	0	0
01:43	212231	0	0	0	1	22	16	0	0	0	0	0	0	0	0
01:43	212239	0	0	1	1	18	16	0	0	0	0	0	0	0	0
01:43	212247	0	1	1	0	9	18	0	0	0	0	0	0	0	0
01:42	212255	0	1	1	0	6	18	0	0	0	0	0	0	0	0
01:42	212263	0	0	1	0	6	14	0	0	0	0	0	0	0	0
01:42	212271	0	0	1	1	16	16	0	0	0	0	0	0	0	0
01:42	212279	0	0	1	1	22	16	0	0	0	0	0	0	0	0
01:42	212287	0	1	1	0	22	16	0	0	0	0	0	0	0	0
01:42	212295	1	1	0	0	22	16	0	0	0	0	0	0	0	0
01:42	212303	1	1	0	0	20	16	0	0	0	0	0	0	0	0
01:42	212311	1	1	0	0	19	16	0	0	0	0	0	0	0	0
01:42	212319	1	1	0	0	21	16	0	0	0	0	0	0	0	0
01:42	212327	1	1	0	0	20	16	0	0	0	0	0	0	0	0
01:42	212335	0	1	0	0	20	16	0	0	0	0	0	0	0	0
01:42	212343	0	1	0	0	21	16	0	0	0	0	0	0	0	0
01:42	212351	0	1	0	0	21	16	0	0	0	0	0	0	0	0
01:42	212359	0	0	1	1	21	16	0	0	0	0	0	0	0	0
01:42	212367	0	0	0	1	22	16	0	0	0	0	0	0	0	0
01:42	212375	0	0	0	1	22	16	0	0	0	0	0	0	0	0
01:41	212383	0	0	0	1	22	16	0	0	0	0	0	0	0	0
01:41	212391	0	0	0	1	22	16	0	0	0	0	0	0	0	0
01:41	212399	0	0	0	1	22	16	0	0	0	0	0	0	0	0
01:41	212407	0	1	0	0	22	16	0	0	0	0	0	0	0	0
01:41	212415	1	0	0	1	22	17	0	0	0	0	0	0	0	0
01:41	212423	0	1	0	0	23	16	0	0	0	0	0	0	0	0
01:41	212431	0	1	0	0	22	16	0	0	0	0	0	0	0	0
01:41	212439	0	1	0	0	22	16	0	0	0	0	0	0	0	0
01:41	212447	0	1	0	0	22	16	0	0	0	0	0	0	0	0
01:41	212455	0	1	0	0	22	16	0	0	0	0	0	0	0	0
01:41	212463	0	1	0	0	22	16	0	0	0	0	0	0	0	0
01:41	212471	0	0	0	1	22	16	0	0	0	0	0	0	0	0
01:41	212479	0	0	0	1	22	16	0	0	0	1	0	0	0	0
01:41	212487	0	0	0	1	22	16	0	0	0	1	0	0	0	0
01:41	212495	0	0	0	1	22	16	0	0	0	1	0	0	0	0
01:41	212503	0	0	0	1	22	16	0	0	0	1	0	0	0	0
01:40	212511	0	0	0	1	22	16	0	0	0	1	0	0	0	0
01:40	212519	0	0	0	1	22	16	0	0	0	1	0	0	0	0
01:40	212527	0	1	0	0	22	16	0	0	0	1	0	0	0	0
01:40	212535	1	0	0	1	22	16	0	0	0	1	0	0	0	0
01:40	212543	1	0	0	1	22	16	0	0	0	1	0	0	0	0
01:40	212551	1	0	0	1	22	16	0	0	0	1	0	0	0	0
01:40	212559	1	0	0	1	22	16	0	0	0	1	0	0	0	0
01:40	212567	1	0	0	1	22	16	0	0	0	1	0	0	0	0
01:40	212575	1	0	0	1	22	16	0	0	0	1	0	0	0	0
01:40	212583	0	1	0	0	22	16	0	0	0	1	0	0	0	0
01:40	212591	0	1	0	0	22	16	0	0	0	1	0	0	0	0
01:40	212599	0	0	0	1	22	16	0	0	0	1	0	0	0	0
01:40	212607	0	0	0	1	22	16	0	0	0	1	0	0	0	0
01:40	212615	0	0	0	1	22	16	0	0	0	1	0	0	0	0
01:40	212623	0	1	0	0	22	16	0	0	0	1	0	0	0	0
01:39	212631	0	1	0	0	22	16	0	0	0	1	0	0	0	0
01:39	212639	0	0	0	1	22	16	0	0	0	1	0	0	0	0
01:39	212647	0	0	0	1	22	16	0	0	0	1	0	0	0	0
01:39	212655	0	0	0	1	22	16	0	0	0	1	0	0	0	0
01:39	212663	1	0	0	1	22	16	0	0	0	1	0	0	0	0
01:39	212671	1	0	0	1	22	16	0	0	0	1	0	0	0	0
01:39	212679	1	0	0	1	22	16	0	0	0	1	0	0	0	0
01:39	212687	1	0	0	1	22	16	0	0	0	1	0	0	0	0
01:39	212695	1	0	0	0	22	16	0	0	0	1	0	0	0	0
01:39	212703	1	0	0	0	22	16	0	0	0	1	0	0	0	0
01:39	212711	1	0	0	0	22	16	0	0	0	1	0	0	0	0
01:39	212719	1	0	0	0	22	16	0	0	0	1	0	0	0	0
01:39	212727	1	0	0	0	22	16	0	0	0	1	0	0	0	0
01:39	212735	1	0	0	0	22	16	0	0	0	1	0	0	0	0
01:39	212743	1	1	0	0	22	16	0	0	0	1	0	0	0	0
01:39	212751	1	1	0	0	22	16	0	0	0	1	0	0	0	0
01:38	212759	1	1	0	0	22	16	0	0	0	1	0	0	0	0
01:38	212767	1	1	0	0	22	16	0	0	0	0	0	0	0	0
01:38	212775	1	1	0	0	22	16	0	0	0	0	0	0	0	0
01:38	212783	1	1	0	0	18	13	0	0	0	0	0	0	0	0
01:38	212791	1	1	0	0	15	11	0	0	0	0	0	0	0	0
01:38	212799	1	1	0	0	22	15	0	0	0	0	1	0	0	0
01:38	212807	1	1	0	0	22	16	0	0	0	0	1	0	0	0
01:38	212815	1	1	0	0	22	16	0	0	0	0	1	0	0	0
01:38	212823	1	1	0	0	22	16	0	0	0	0	1	0	0	0
01:38	212831	1	1	0	0	20	16	0	0	0	0	1	0	0	0
01:38	212839	1	1	0	0	17	16	0	0	0	0	1	0	0	0
01:38	212847	1	1	0	0	22	16	0	0	0	0	1	0	0	0
01:38	212855	1	1	0	0	22	16	0	0	0	0	1	0	0	0
01:38	212863	1	1	0	0	22	16	0	0	0	0	1	0	0	0
01:38	212871	1	1	0	0	22	16	0	0	0	0	1	0	0	0
01:38	212879	1	1	0	0	21	16	0	0	0	0	1	0	0	0
01:37	212887	1	1	0	0	22	16	0	0	0	0	1	0	0	0
01:37	212895	1	1	0	0	22	16	0	0	0	0	1	0	0	0
01:37	212903	1	1	0	0	22	16	0	0	0	0	1	0	0	0
01:37	212911	1	1	0	0	22	16	0	0	0	0	1	0	0	0
01:37	212919	1	1	0	0	22	16	0	0	0	0	1	0	0	0
01:37	212927	0	1	0	0	22	16	0	0	0	0	1	0	0	0
01:37	212935	1	1	0	0	22	16	0	0	0	0	1	0	0	0
01:37	212943	1	0	0	1	22	16	0	0	0	0	0	0	0	0
01:37	212951	1	0	0	1	22	16	0	0	0	0	0	0	0	0
01:37	212959	1	0	0	1	22	16	0	0	0	0	0	0	0	0
01:37	212967	1	0	0	1	15	17	0	0	0	0	1	0	0	0
01:37	212975	1	0	0	1	9	17	0	0	0	0	1	0	0	0
01:37	212983	1	1	0	0	13	16	0	0	0	0	1	0	0	0
01:37	212991	1	1	0	0	20	16	0	0	0	0	1	0	0	0
01:37	212999	1	1	0	0	22	16	0	0	0	0	1	0	0	0
01:37	213007	1	1	0	0	22	16	0	0	0	0	1	0	0	0
01:36	213015	1	1	0	0	22	16	0	0	0	0	1	0	0	0
01:36	213023	0	1	0	0	22	16	0	0	0	0	1	0	0	0
01:36	213031	1	1	0	0	22	16	0	0	0	0	1	0	0	0
01:36	213039	1	1	0	0	22	16	0	0	0	0	1	0	0	0
01:36	213047	1	1	0	0	22	16	0	0	0	0	1	0	0	0
01:36	213055	1	1	0	0	22	16	0	0	0	0	1	0	0	0
01:36	213063	1	1	0	0	22	16	0	0	0	0	1	0	0	0
01:36	213071	1	1	0	0	22	16	0	0	0	0	1	0	0	0
01:36	213079	1	1	0	0	22	16	0	0	0	0	1	0	0	0
01:36	213087	1	1	0	0	22	16	0	0	0	0	1	0	0	0
01:36	213095	1	1	0	0	22	16	0	0	0	0	1	0	0	0
01:36	213103	1	1	0	0	22	16	0	0	0	0	1	0	0	0
01:36	213111	1	1	0	0	22	16	0	0	0	0	1	0	0	0
01:36	213119	1	1	0	0	22	16	0	0	0	0	1	0	0	0
01:36	213127	1	1	0	0	22	16	0	0	0	0	1	0	0	0
01:36	213135	1	1	0	0	22	16	0	0	0	0	1	0	0	0
01:35	213143	1	1	0	0	22	16	0	0	0	0	1	0	0	0
01:35	213151	1	1	0	0	22	16	0	0	0	0	1	0	0	0
01:35	213159	1	1	0	0	25	16	0	0	0	0	1	0	0	0
01:35	213167	1	1	0	0	34	16	0	0	0	0	1	0	0	0
01:35	213175	1	0	0	1	36	14	0	0	0	0	1	0	0	0
01:35	213183	1	0	0	1	30	15	0	0	0	0	1	0	0	0
01:35	213191	1	0	0	1	22	16	0	0	0	0	1	0	0	0
01:35	213199	1	0	0	1	22	16	0	0	0	0	1	0	0	0
01:35	213207	1	0	0	1	22	16	0	0	0	0	1	0	0	0
01:35	213215	1	0	0	1	22	16	0	0	0	0	1	0	0	0
01:35	213223	1	0	0	1	22	16	0	0	0	0	1	0	0	0
01:35	213231	1	0	0	1	22	16	0	0	0	0	1	0	0	0
01:35	213239	1	0	0	1	22	16	0	0	0	0	1	0	0	0
01:35	213247	1	0	0	1	22	16	0	0	0	0	1	0	0	0
01:35	213255	1	0	0	1	22	16	0	0	0	0	1	0	0	0
01:35	213263	1	0	0	1	22	16	0	0	0	0	1	0	0	0
01:34	213271	1	0	0	1	21	16	0	0	0	0	1	0	0	0
01:34	213279	1	0	0	1	22	16	0	0	0	0	1	0	0	0
01:34	213287	1	0	0	1	22	16	0	0	0	0	1	0	0	0
01:34	213295	1	0	0	1	22	16	0	0	0	0	1	0	0	0
01:34	213303	1	0	0	1	24	17	0	0	0	0	1	0	0	0
01:34	213311	1	0	0	1	21	18	0	0	0	0	1	0	0	0
01:34	213319	1	0	0	1	17	17	0	0	0	0	1	0	0	0
01:34	213327	1	0	0	1	29	17	0	0	0	0	1	0	0	0
01:34	213335	1	0	0	1	32	19	0	0	0	0	1	0	0	0
01:34	213343	1	0	0	1	28	17	0	0	0	0	1	0	0	0
01:34	213351	1	0	0	1	22	16	0	0	0	0	1	0	0	0
01:34	213359	1	0	0	1	22	16	0	0	0	0	1	0	0	0
01:34	213367	1	0	0	1	22	16	0	0	0	0	1	0	0	0
01:34	213375	1	0	0	1	24	17	0	0	0	0	1	0	0	0
01:34	213383	1	0	0	1	23	17	0	0	0	0	1	0	0	0
01:34	213391	1	0	0	1	25	17	0	0	0	0	1	0	0	0
01:33	213399	1	0	0	1	25	17	0	0	0	0	1	0	0	0
01:33	213407	1	0	0	1	24	17	0	0	0	0	1	0	0	0
01:33	213415	1	0	0	1	22	16	0	0	0	0	1	0	0	0
01:33	213423	1	0	0	1	22	16	0	0	0	0	1	0	0	0
01:33	213431	1	1	0	0	22	16	0	0	0	0	1	0	0	0
01:33	213439	1	1	0	0	21	16	0	0	0	0	1	0	0	0
01:33	213447	1	1	0	0	14	12	0	0	0	0	1	0	0	0
01:33	213455	0	1	0	0	9	9	0	0	0	0	1	0	0	0
01:33	213463	0	1	1	0	16	14	0	0	0	0	1	0	0	0
01:33	213471	0	1	1	0	22	16	0	0	0	0	1	0	0	0
01:33	213479	0	1	1	0	22	16	0	0	0	0	1	0	0	0
01:33	213487	0	1	1	0	22	16	0	0	0	0	1	0	0	0
01:33	213495	0	1	1	0	21	15	0	0	0	0	1	0	0	0
01:33	213503	0	1	1	0	22	16	0	0	0	0	1	0	0	0
01:33	213511	0	1	1	0	22	16	0	0	0	0	1	0	0	0
01:33	213519	0	1	1	0	22	16	0	0	0	0	1	0	0	0
01:32	213527	0	1	1	0	22	16	0	0	0	0	1	0	0	0
01:32	213535	0	1	1	0	22	16	0	0	0	0	1	0	0	0
01:32	213543	0	1	1	0	22	16	0	0	0	0	1	0	0	0
01:32	213551	0	1	1	0	22	16	0	0	0	0	1	0	0	0
01:32	213559	0	1	1	0	18	17	0	0	0	0	1	0	0	0
01:32	213567	0	1	1	0	22	16	0	0	0	0	1	0	0	0
01:32	213575	0	1	1	0	22	16	0	0	0	0	1	0	0	0
01:32	213583	0	1	1	0	22	16	0	0	0	0	1	0	0	0
01:32	213591	0	1	1	0	22	16	0	0	0	0	1	0	0	0
01:32	213599	0	0	1	0	22	16	0	0	0	0	1	0	0	0
01:32	213607	0	0	1	0	19	16	0	0	0	0	1	0	0	0
01:32	213615	0	0	1	0	10	18	0	0	0	0	1	0	0	0
01:32	213623	0	0	1	1	7	17	0	0	0	0	1	0	0	0
01:32	213631	0	0	1	1	7	16	0	0	0	0	1	0	0	0
01:32	213639	1	0	0	1	15	17	0	0	0	0	1	0	0	0
01:31	213647	1	0	0	1	22	16	0	0	0	0	1	0	0	0
01:31	213655	1	0	0	1	22	16	0	0	0	0	1	0	0	0
01:31	213663	1	0	0	1	22	16	0	0	0	0	1	0	0	0
01:31	213671	1	0	0	1	22	16	0	0	0	0	1	0	0	0
01:31	213679	1	0	0	1	22	16	0	0	0	0	1	0	0	0
01:31	213687	1	0	0	1	31	17	0	0	0	0	1	0	0	0
01:31	213695	0	0	0	1	38	18	0	0	0	0	1	0	0	0
01:31	213703	0	0	1	1	37	15	0	0	0	0	1	0	0	0
01:31	213711	0	0	1	0	29	15	0	0	0	0	1	0	0	0
01:31	213719	0	0	1	0	22	16	0	0	0	0	1	0	0	0
01:31	213727	0	1	1	0	22	16	0	0	0	0	1	0	0	0
01:31	213735	0	1	1	0	22	16	0	0	0	0	1	0	0	0
01:31	213743	0	1	1	0	22	16	0	0	0	0	1	0	0	0
01:31	213751	0	1	1	0	16	16	0	0	0	0	1	0	0	0
01:31	213759	0	0	1	0	8	17	0	0	0	0	1	0	0	0
01:31	213767	0	0	1	1	6	14	0	0	0	0	1	0	0	0
01:30	213775	0	0	0	1	7	13	0	0	0	0	1	0	0	0
01:30	213783	1	0	0	1	19	16	0	0	0	0	1	0	0	0
01:30	213791	1	0	0	1	22	16	0	0	0	0	1	0	0	0
01:30	213799	1	0	0	1	22	16	0	0	0	0	1	0	0	0
01:30	213807	1	0	0	1	22	16	0	0	0	0	1	0	0	0
01:30	213815	1	0	0	1	22	16	0	0	0	0	1	0	0	0
01:30	213823	1	0	0	1	22	13	0	0	0	0	1	0	0	0
01:30	213831	1	0	0	1	22	15	0	0	0	0	1	0	0	0
01:30	213839	1	0	0	1	22	16	0	0	0	0	1	0	0	0
01:30	213847	1	0	0	1	22	16	0	0	0	0	1	0	0	0
01:30	213855	1	0	0	1	22	16	0	0	0	0	1	0	0	0
01:30	213863	1	0	0	1	22	16	0	0	0	0	1	0	0	3
01:30	213871	1	0	0	1	22	16	0	0	0	0	1	0	0	0
01:30	213879	1	0	0	1	22	16	0	0	0	0	1	0	0	0
01:30	213887	1	0	0	1	22	16	0	0	0	0	1	0	0	0
01:30	213895	1	0	0	1	22	16	0	0	0	0	1	0	0	0
01:29	213903	1	0	0	1	20	16	0	0	0	0	1	0	0	0
01:29	213911	1	0	0	1	21	16	0	0	0	0	1	0	0	0
01:29	213919	1	0	0	1	21	16	0	0	0	0	1	0	0	0
01:29	213927	1	0	0	1	22	16	0	0	0	0	1	0	0	0
01:29	213935	1	0	0	1	22	16	0	0	0	0	1	0	0	0
01:29	213943	1	0	0	1	22	16	0	0	0	0	1	0	0	0
01:29	213951	1	0	0	1	22	16	0	0	0	0	1	0	0	0
01:29	213959	1	0	0	1	22	16	0	0	0	0	1	0	0	0
01:29	213967	1	0	0	1	22	16	0	0	0	0	1	0	0	0
01:29	213975	1	0	0	1	22	16	0	0	0	0	1	0	0	1
01:29	213983	1	0	0	0	22	16	0	0	0	0	1	0	0	0
01:29	213991	1	0	0	0	22	16	0	0	0	0	1	0	0	0
01:29	213999	1	0	0	0	22	16	0	0	0	0	1	0	0	0
01:29	214007	1	0	0	0	22	16	0	0	0	0	1	0	0	0
01:29	214015	1	1	0	0	22	16	0	0	0	0	1	0	0	0
01:29	214023	1	1	0	0	15	16	0	0	0	0	1	0	0	0
01:28	214031	1	1	0	0	10	16	0	0	0	0	1	0	0	0
01:28	214039	1	1	0	0	11	17	0	0	0	0	1	0	0	0
01:28	214047	1	1	0	0	21	16	0	0	0	0	1	0	0	0
01:28	214055	0	1	0	0	22	16	0	0	0	0	1	0	0	0
01:28	214063	1	1	0	0	22	16	0	0	0	0	1	0	0	0
01:28	214071	1	1	0	0	22	16	0	0	0	0	1	0	0	0
01:28	214079	1	1	0	0	22	16	0	0	0	0	1	0	0	0
01:28	214087	1	1	0	0	22	16	0	0	0	0	1	0	0	0
01:28	214095	1	1	0	0	22	16	0	0	0	0	1	0	0	0
01:28	214103	1	1	0	0	22	16	0	0	0	0	1	0	0	0
01:28	214111	1	1	0	0	22	16	0	0	0	0	1	0	0	0
01:28	214119	1	1	0	0	22	16	0	0	0	0	1	0	0	0
01:28	214127	1	1	0	0	22	16	0	0	0	0	1	0	0	0
01:28	214135	1	1	0	0	16	17	0	0	0	0	1	0	0	0
01:28	214143	1	1	0	0	14	17	0	0	0	0	1	0	0	0
01:28	214151	1	1	0	0	22	16	0	0	0	0	1	0	0	0
01:27	214159	1	1	0	0	22	16	0	0	0	0	1	0	0	0
01:27	214167	1	1	0	0	22	16	0	0	0	0	1	0	0	0
01:27	214175	1	1	0	0	16	17	0	0	0	0	1	0	0	0
01:27	214183	1	1	0	0	18	17	0	0	0	0	1	0	0	0
01:27	214191	1	1	0	0	22	16	0	0	0	0	1	0	0	0
01:27	214199	1	1	0	0	22	16	0	0	0	0	1	0	0	0
01:27	214207	1	1	0	0	21	16	0	0	0	0	1	0	0	0
01:27	214215	0	1	0	0	21	16	0	0	0	0	1	0	0	0
01:27	214223	0	1	0	0	20	16	0	0	0	1	0	0	0	0
01:27	214231	0	1	0	0	22	16	0	0	0	1	0	0	0	0
01:27	214239	0	1	0	0	22	16	0	0	0	1	0	0	0	0
01:27	214247	1	1	0	0	22	16	0	0	0	1	0	0	0	0
01:27	214255	1	1	0	0	22	17	0	0	0	1	0	0	0	0
01:27	214263	1	1	0	0	22	17	0	0	0	1	0	0	0	0
01:27	214271	1	1	0	0	22	16	0	0	0	1	0	0	0	0
01:27	214279	1	1	0	0	22	16	0	0	0	1	0	0	0	0
01:26	214287	1	1	0	0	22	16	0	0	0	1	0	0	0	0
01:26	214295	1	1	0	0	22	16	0	0	0	1	0	0	0	0
01:26	214303	1	1	0	0	22	16	0	0	0	1	0	0	0	0
01:26	214311	1	1	0	0	22	16	0	0	0	1	0	0	0	0
01:26	214319	1	1	0	0	21	16	0	0	0	1	0	0	0	0
01:26	214327	1	1	0	0	22	16	0	0	0	1	0	0	0	0
01:26	214335	1	1	0	0	22	16	0	0	0	1	0	0	0	0
01:26	214343	1	1	0	0	22	16	0	0	0	1	0	0	0	0
01:26	214351	1	1	0	0	22	16	0	0	0	1	0	0	0	0
01:26	214359	1	1	0	0	22	16	0	0	0	1	0	0	0	0
01:26	214367	1	1	0	0	22	16	0	0	0	1	0	0	0	0
01:26	214375	1	1	0	0	22	16	0	0	0	1	0	0	0	0
01:26	214383	1	1	0	0	22	16	0	0	0	1	0	0	0	0
01:26	214391	1	1	0	0	22	16	0	0	0	1	0	0	0	0
01:26	214399	1	1	0	0	22	16	0	0	0	1	0	0	0	0
01:26	214407	1	1	0	0	22	16	0	0	0	1	0	0	0	0
01:25	214415	1	1	0	0	22	16	0	0	0	1	0	0	0	0
01:25	214423	1	1	0	0	22	16	0	0	0	1	0	0	0	0
01:25	214431	1	1	0	0	22	16	0	0	0	1	0	0	0	0
01:25	214439	1	1	0	0	22	16	0	0	0	1	0	0	0	0
01:25	214447	1	1	0	0	22	16	0	0	0	1	0	0	0	0
01:25	214455	1	1	0	0	22	16	0	0	0	1	0	0	0	0
01:25	214463	1	0	0	0	22	16	0	0	0	1	0	0	0	0
01:25	214471	1	0	0	0	22	16	0	0	0	1	0	0	0	0
01:25	214479	1	0	0	0	22	16	0	0	0	1	0	0	0	0
01:25	214487	1	0	0	0	22	16	0	0	0	1	0	0	0	0
01:25	214495	1	0	0	0	22	16	0	0	0	1	0	0	0	0
01:25	214503	1	0	0	0	22	16	0	0	0	1	0	0	0	0
01:25	214511	1	0	0	0	22	16	0	0	0	1	0	0	0	0
01:25	214519	1	0	0	0	22	16	0	0	0	1	0	0	0	0
01:25	214527	1	0	0	0	22	16	0	0	0	1	0	0	0	0
01:25	214535	1	0	0	0	22	16	0	0	0	1	0	0	0	0
01:24	214543	1	0	0	0	22	16	0	0	0	1	0	0	0	0
01:24	214551	1	0	0	0	22	16	0	0	0	1	0	0	0	0
01:24	214559	1	0	0	0	22	16	0	0	0	1	0	0	0	0
01:24	214567	1	0	0	0	22	16	0	0	0	1	0	0	0	0
01:24	214575	1	0	0	0	22	16	0	0	0	1	0	0	0	0
01:24	214583	1	0	0	0	22	16	0	0	0	1	0	0	0	0
01:24	214591	1	0	0	0	22	16	0	0	0	1	0	0	0	0
01:24	214599	1	0	0	0	22	16	0	0	0	1	0	0	0	0
01:24	214607	1	0	0	0	22	16	0	0	0	1	0	0	0	0
01:24	214615	1	0	0	0	22	16	0	0	0	1	0	0	0	0
01:24	214623	1	0	0	0	22	16	0	0	0	1	0	0	0	0
01:24	214631	1	0	0	0	22	16	0	0	0	1	0	0	0	0
01:24	214639	1	1	0	0	22	16	0	0	0	1	0	0	0	0
01:24	214647	1	1	0	0	22	16	0	0	0	1	0	0	0	0
01:24	214655	1	1	0	0	22	16	0	0	0	1	0	0	0	0
01:23	214663	1	1	0	0	22	16	0	0	0	1	0	0	0	0
01:23	214671	1	0	0	0	22	16	0	0	0	1	0	0	0	0
01:23	214679	1	0	0	0	22	16	0	0	0	1	0	0	0	0
01:23	214687	1	0	0	0	22	16	0	0	0	1	0	0	0	0
01:23	214695	1	0	0	0	22	16	0	0	0	1	0	0	0	0
01:23	214703	1	0	0	0	22	16	0	0	0	1	0	0	0	0
01:23	214711	1	0	0	0	22	16	0	0	0	1	0	0	0	0
01:23	214719	1	0	0	0	22	16	0	0	0	1	0	0	0	0
01:23	214727	1	0	0	0	22	16	0	0	0	1	0	0	0	0
01:23	214735	1	0	0	0	22	16	0	0	0	1	0	0	0	0
01:23	214743	1	0	0	0	22	16	0	0	0	1	0	0	0	0
01:23	214751	1	0	0	0	22	16	0	0	0	1	0	0	0	0
01:23	214759	1	0	0	0	22	16	0	0	0	1	0	0	0	0
01:23	214767	1	0	0	0	22	16	0	0	0	1	0	0	0	0
01:23	214775	1	0	0	0	22	16	0	0	0	1	0	0	0	0
01:23	214783	1	0	0	0	22	16	0	0	0	1	0	0	0	0
01:22	214791	1	0	0	0	22	16	0	0	0	1	0	0	0	0
01:22	214799	1	0	0	0	22	16	0	0	0	1	0	0	0	0
01:22	214807	1	0	0	0	22	16	0	0	0	1	0	0	0	0
01:22	214815	1	0	0	0	22	16	0	0	0	1	0	0	0	0
01:22	214823	1	0	0	0	22	16	0	0	0	1	0	0	0	0
01:22	214831	1	0	0	0	22	16	0	0	0	1	0	0	0	0
01:22	214839	1	0	0	0	22	16	0	0	0	1	0	0	0	0
01:22	214847	1	0	0	0	22	16	0	0	0	1	0	0	0	0
01:22	214855	1	0	0	0	22	16	0	0	0	1	0	0	0	0
01:22	214863	1	0	0	0	22	16	0	0	0	1	0	0	0	0
01:22	214871	1	0	0	0	22	16	0	0	0	1	0	0	0	0
01:22	214879	1	0	0	0	22	16	0	0	0	1	0	0	0	0
01:22	214887	1	0	0	0	22	16	0	0	0	1	0	0	0	0
01:22	214895	1	0	0	0	22	16	0	0	0	1	0	0	0	0
01:22	214903	1	0	0	0	22	16	0	0	0	1	0	0	0	0
01:22	214911	1	0	0	0	22	16	0	0	0	1	0	0	0	0
01:21	214919	1	0	0	0	22	16	0	0	0	1	0	0	0	0
01:21	214927	1	0	0	0	22	16	0	0	0	1	0	0	0	0
01:21	214935	1	0	0	0	22	16	0	0	0	1	0	0	0	0
01:21	214943	1	0	0	0	22	16	0	0	0	1	0	0	0	0
01:21	214951	1	0	0	0	22	16	0	0	0	1	0	0	0	0
01:21	214959	1	0	0	0	22	16	0	0	0	1	0	0	0	0
01:21	214967	1	0	0	0	22	16	0	0	0	1	0	0	0	0
01:21	214975	1	0	0	0	22	16	0	0	0	1	0	0	0	0
01:21	214983	1	0	0	0	22	16	0	0	0	1	0	0	0	0
01:21	214991	1	0	0	0	22	16	0	0	0	1	0	0	0	0
01:21	214999	1	0	0	0	22	16	0	0	0	1	0	0	0	0
01:21	215007	1	0	0	0	22	16	0	0	0	1	0	0	0	0
01:21	215015	1	0	0	0	22	16	0	0	0	1	0	0	0	0
01:21	215023	1	0	0	0	22	16	0	0	0	1	0	0	0	0
01:21	215031	1	0	0	0	22	16	0	0	0	1	0	0	0	0
01:21	215039	1	0	0	0	22	16	0	0	0	1	0	0	0	0
01:20	215047	1	0	0	0	22	16	0	0	0	1	0	0	0	0
01:20	215055	1	0	0	0	22	16	0	0	0	1	0	0	0	0
01:20	215063	1	0	0	0	22	16	0	0	0	1	0	0	0	0
01:20	215071	1	0	0	0	22	16	0	0	0	1	0	0	0	0
01:20	215079	1	0	0	0	22	16	0	0	0	1	0	0	0	0
01:20	215087	1	0	0	0	22	16	0	0	0	1	0	0	0	0
01:20	215095	1	0	0	0	22	16	0	0	0	1	0	0	0	0
01:20	215103	1	0	0	0	22	16	0	0	0	1	0	0	0	0
01:20	215111	1	0	0	0	22	16	0	0	0	1	0	0	0	0
01:20	215119	1	0	0	0	22	16	0	0	0	1	0	0	0	0
01:20	215127	1	0	0	0	22	16	0	0	0	1	0	0	0	0
01:20	215135	1	1	0	0	22	17	0	0	0	0	0	0	0	0
01:20	215143	1	1	0	0	22	16	0	0	0	0	0	0	0	0
01:20	215151	1	1	0	0	21	16	0	0	0	0	1	0	0	0
01:20	215159	1	1	0	0	22	16	0	0	0	0	1	0	0	0
01:20	215167	1	1	0	0	22	16	0	0	0	0	1	0	0	0
01:19	215175	1	1	0	0	22	16	0	0	0	0	1	0	0	0
01:19	215183	1	1	0	0	22	16	0	0	0	0	1	0	0	0
01:19	215191	1	1	0	0	22	16	0	0	0	0	1	0	0	0
01:19	215199	1	1	0	0	22	16	0	0	0	0	1	0	0	0
01:19	215207	1	1	0	0	22	16	0	0	0	0	1	0	0	0
01:19	215215	1	1	0	0	22	16	0	0	0	0	1	0	0	0
01:19	215223	1	0	0	1	22	16	0	0	0	0	1	0	0	0
01:19	215231	1	0	0	1	22	16	0	0	0	0	1	0	0	0
01:19	215239	1	0	0	1	23	16	0	0	0	0	1	0	0	0
01:19	215247	1	0	0	1	23	16	0	0	0	0	1	0	0	0
01:19	215255	1	0	0	1	23	16	0	0	0	0	1	0	0	0
01:19	215263	1	0	0	1	23	16	0	0	0	0	1	0	0	0
01:19	215271	1	0	0	1	23	16	0	0	0	0	1	0	0	0
01:19	215279	1	0	0	1	23	16	0	0	0	0	1	0	0	0
01:19	215287	1	0	0	1	27	16	0	0	0	0	1	0	0	0
01:19	215295	0	0	0	1	30	17	0	0	0	0	1	0	0	0
01:18	215303	0	0	0	1	22	16	0	0	0	0	1	0	0	0
01:18	215311	0	0	0	1	22	16	0	0	0	0	1	0	0	0
01:18	215319	0	0	0	1	22	16	0	0	0	0	1	0	0	0
01:18	215327	0	0	0	1	22	16	0	0	0	0	1	0	0	0
01:18	215335	0	0	0	1	22	16	0	0	0	0	1	0	0	0
01:18	215343	0	0	0	1	23	16	0	0	0	0	1	0	0	0
01:18	215351	0	0	0	1	23	16	0	0	0	0	1	0	0	0
01:18	215359	0	0	0	1	23	16	0	0	0	0	1	0	0	0
01:18	215367	0	0	1	1	23	16	0	0	0	0	1	0	0	0
01:18	215375	0	0	1	1	23	16	0	0	0	0	1	0	0	0
01:18	215383	0	0	0	1	23	16	0	0	0	0	1	0	0	0
01:18	215391	0	0	0	1	22	16	0	0	0	0	1	0	0	0
01:18	215399	0	0	1	0	22	16	0	0	0	0	1	0	0	0
01:18	215407	0	1	0	0	22	16	0	0	0	0	1	0	0	0
01:18	215415	0	1	0	0	22	16	0	0	0	0	1	0	0	0
01:18	215423	0	0	1	0	22	16	0	0	0	0	1	0	0	0
01:17	215431	0	0	1	0	22	16	0	0	0	0	0	0	0	0
01:17	215439	0	0	1	0	22	16	0	0	0	0	0	0	0	0
01:17	215447	0	0	1	0	22	16	0	0	0	0	0	0	0	0
01:17	215455	0	0	1	0	22	16	0	0	0	0	0	0	0	0
01:17	215463	0	0	1	0	22	16	0	0	0	0	0	0	0	0
01:17	215471	0	0	1	0	22	16	0	0	0	0	0	0	0	0
01:17	215479	0	0	1	0	22	16	0	0	0	0	0	0	0	0
01:17	215487	0	0	1	0	22	16	0	0	0	0	0	0	0	0
01:17	215495	0	0	1	0	22	16	0	0	0	0	0	0	0	0
01:17	215503	0	0	1	0	22	16	0	0	0	0	0	0	0	0
01:17	215511	0	0	1	0	22	16	0	0	0	0	0	0	0	0
01:17	215519	0	0	1	0	22	16	0	0	0	0	0	0	0	0
01:17	215527	0	0	1	0	22	16	0	0	0	0	0	0	0	0
01:17	215535	0	0	1	0	22	16	0	0	0	0	0	0	0	0
01:17	215543	0	0	1	0	22	16	0	0	0	0	0	0	0	0
01:17	215551	0	0	1	0	22	16	0	0	0	0	0	0	0	0
01:16	215559	0	0	1	0	22	16	0	0	0	0	0	0	0	0
01:16	215567	0	0	1	0	22	16	0	0	0	0	0	0	0	0
01:16	215575	0	0	1	0	22	16	0	0	0	0	0	0	0	0
01:16	215583	0	0	1	0	22	16	0	0	0	0	0	0	0	0
01:16	215591	0	0	1	0	22	16	0	0	0	0	0	0	0	0
01:16	215599	0	0	1	0	22	16	0	0	0	0	0	0	0	0
01:16	215607	0	0	1	0	22	16	0	0	0	0	0	0	0	0
01:16	215615	0	0	1	0	22	16	0	0	0	0	0	0	0	0
01:16	215623	0	0	1	0	22	16	0	0	0	0	0	0	0	0
01:16	215631	0	0	1	0	22	16	0	0	0	0	0	0	0	0
01:16	215639	0	0	1	0	22	16	0	0	0	0	0	0	0	0
01:16	215647	0	0	1	0	22	16	0	0	0	0	0	0	0	0
01:16	215655	0	0	1	0	22	16	0	0	0	0	0	0	0	0
01:16	215663	0	0	1	0	22	16	0	0	0	0	0	0	0	0
01:16	215671	0	0	1	0	22	16	0	0	0	0	0	0	0	0
01:15	215679	0	0	1	0	22	16	0	0	0	0	0	0	0	0
01:15	215687	0	0	1	0	22	16	0	0	0	0	0	0	0	0
01:15	215695	0	0	1	0	22	16	0	0	0	0	0	0	0	0
01:15	215703	0	0	1	0	22	16	0	0	0	0	0	0	0	0
01:15	215711	0	0	1	0	22	16	0	0	0	0	0	0	0	0
01:15	215719	0	0	1	0	22	16	0	0	0	0	0	0	0	0
01:15	215727	0	0	1	0	22	16	0	0	0	0	0	0	0	0
01:15	215735	0	0	1	0	22	16	0	0	0	0	0	0	0	0
01:15	215743	0	0	1	0	22	16	0	0	0	0	0	0	0	0
01:15	215751	0	0	1	0	22	16	0	0	0	0	0	0	0	0
01:15	215759	0	0	1	0	22	16	0	0	0	0	0	0	0	0
01:15	215767	0	0	1	0	22	16	0	0	0	0	0	0	0	0
01:15	215775	0	0	1	0	22	16	0	0	0	0	0	0	0	0
01:15	215783	0	0	1	0	22	16	0	0	0	0	0	0	0	0
01:15	215791	0	0	1	0	22	16	0	0	0	0	0	0	0	0
01:15	215799	0	0	1	0	22	16	0	0	0	0	0	0	0	0
01:14	215807	0	0	1	0	22	16	0	0	0	0	0	0	0	0
01:14	215815	0	0	1	0	22	16	0	0	0	0	0	0	0	0
01:14	215823	0	0	1	0	22	16	0	0	0	0	0	0	0	0
01:14	215831	0	0	1	0	22	16	0	0	0	0	0	0	0	0
01:14	215839	0	0	1	0	22	16	0	0	0	0	0	0	0	0
01:14	215847	0	0	1	0	22	16	0	0	0	0	0	0	0	0
01:14	215855	0	0	1	0	22	16	0	0	0	0	0	0	0	0
01:14	215863	0	0	1	0	22	16	0	0	0	0	0	0	0	0
01:14	215871	0	0	1	0	22	16	0	0	0	0	0	0	0	0
01:14	215879	0	0	1	0	22	16	0	0	0	0	0	0	0	0
01:14	215887	0	0	1	0	22	16	0	0	0	0	0	0	0	0
01:14	215895	0	0	1	0	22	16	0	0	0	0	0	0	0	0
01:14	215903	0	0	1	0	22	16	0	0	0	0	0	0	0	0
01:14	215911	0	0	1	0	22	16	0	0	0	0	0	0	0	0
01:14	215919	0	0	1	0	22	16	0	0	0	0	0	0	0	0
01:14	215927	0	0	1	0	22	16	0	0	0	0	0	0	0	0
01:13	215935	0	0	1	0	22	16	0	0	0	0	0	0	0	0
01:13	215943	0	0	1	0	22	16	0	0	0	0	0	0	0	0
01:13	215951	0	0	1	0	22	16	0	0	0	0	0	0	0	0
01:13	215959	0	0	1	0	22	16	0	0	0	0	0	0	0	0
01:13	215967	0	0	1	0	22	16	0	0	0	0	0	0	0	0
01:13	215975	0	0	1	0	22	16	0	0	0	0	0	0	0	0
01:13	215983	0	0	1	0	22	16	0	0	0	0	0	0	0	0
01:13	215991	0	0	1	0	22	16	0	0	0	0	0	0	0	0
01:13	215999	0	0	1	0	22	16	0	0	0	0	0	0	0	0
01:13	216007	0	0	1	0	22	16	0	0	0	0	0	0	0	0
01:13	216015	0	0	1	0	22	16	0	0	0	0	0	0	0	0
01:13	216023	0	0	1	0	22	16	0	0	0	0	0	0	0	0
01:13	216031	0	0	1	0	22	16	0	0	0	0	0	0	0	0
01:13	216039	0	0	1	0	22	16	0	0	0	0	0	0	0	0
01:13	216047	0	0	1	0	22	16	0	0	0	0	0	0	0	0
01:13	216055	0	0	1	0	22	16	0	0	0	0	0	0	0	0
01:12	216063	0	0	1	0	22	16	0	0	0	0	0	0	0	0
01:12	216071	0	0	1	0	22	16	0	0	0	0	0	0	0	0
01:12	216079	0	0	1	0	22	16	0	0	0	0	0	0	0	0
01:12	216087	0	0	1	0	22	16	0	0	0	0	0	0	0	0
01:12	216095	0	0	1	0	22	16	0	0	0	0	0	0	0	0
01:12	216103	0	0	1	0	22	16	0	0	0	0	0	0	0	0
01:12	216111	0	0	1	0	22	16	0	0	0	0	0	0	0	0
01:12	216119	0	0	1	0	22	16	0	0	0	0	0	0	0	0
01:12	216127	0	0	1	0	22	16	0	0	0	0	0	0	0	0
01:12	216135	0	0	1	0	22	16	0	0	0	0	0	0	0	0
01:12	216143	0	0	1	0	22	16	0	0	0	0	0	0	0	0
01:12	216151	0	0	1	0	22	16	0	0	0	0	0	0	0	0
01:12	216159	0	0	1	0	22	16	0	0	0	0	0	0	0	0
01:12	216167	0	0	1	0	22	16	0	0	0	0	0	0	0	0
01:12	216175	0	0	1	0	22	16	0	0	0	0	0	0	0	0
01:12	216183	0	0	1	0	22	16	0	0	0	0	0	0	0	0
01:11	216191	0	0	1	0	22	16	0	0	0	0	0	0	0	0
01:11	216199	0	0	1	0	22	16	0	0	0	0	0	0	0	0
01:11	216207	0	0	1	0	22	16	0	0	0	0	0	0	0	0
01:11	216215	0	0	1	0	22	16	0	0	0	0	0	0	0	0
01:11	216223	0	0	1	0	22	16	0	0	0	0	0	0	0	0
01:11	216231	0	0	1	0	22	16	0	0	0	0	0	0	0	0
01:11	216239	0	0	1	0	22	16	0	0	0	0	0	0	0	0
01:11	216247	0	0	1	0	22	16	0	0	0	0	0	0	0	0
01:11	216255	0	0	1	0	22	16	0	0	0	0	0	0	0	0
01:11	216263	0	0	1	0	22	16	0	0	0	0	0	0	0	0
01:11	216271	0	0	1	0	22	16	0	0	0	0	0	0	0	0
01:11	216279	0	0	1	0	22	16	0	0	0	0	0	0	0	0
01:11	216287	0	0	1	0	22	16	0	0	0	0	0	0	0	0
01:11	216295	0	0	1	0	22	16	0	0	0	0	0	0	0	0
01:11	216303	0	0	1	0	22	16	0	0	0	0	0	0	0	0
01:11	216311	0	0	1	0	22	16	0	0	0	0	0	0	0	0
01:10	216319	0	0	1	0	22	16	0	0	0	0	0	0	0	0
01:10	216327	0	0	1	0	22	16	0	0	0	0	0	0	0	0
01:10	216335	0	0	1	0	22	16	0	0	0	0	0	0	0	0
01:10	216343	0	0	1	0	22	16	0	0	0	0	0	0	0	0
01:10	216351	0	0	1	0	22	16	0	0	0	0	0	0	0	0
01:10	216359	0	0	1	0	22	16	0	0	0	0	0	0	0	0
01:10	216367	0	0	1	0	22	16	0	0	0	0	0	0	0	0
01:10	216375	0	0	1	0	22	16	0	0	0	0	0	0	0	0
01:10	216383	0	0	1	0	22	16	0	0	0	0	0	0	0	0
01:10	216391	0	0	1	0	22	16	0	0	0	0	0	0	0	0
01:10	216399	0	0	1	0	22	16	0	0	0	0	0	0	0	0
01:10	216407	0	0	1	0	22	16	0	0	0	0	0	0	0	0
01:10	216415	0	0	1	0	22	16	0	0	0	0	0	0	0	0
01:10	216423	0	0	1	0	22	16	0	0	0	0	0	0	0	0
01:10	216431	0	0	1	0	22	16	0	0	0	0	0	0	0	0
01:10	216439	0	0	1	0	22	16	0	0	0	0	0	0	0	0
01:09	216447	0	0	1	0	22	16	0	0	0	0	0	0	0	0
01:09	216455	0	0	1	0	22	16	0	0	0	0	0	0	0	0
01:09	216463	0	0	1	0	22	16	0	0	0	0	0	0	0	0
01:09	216471	0	0	1	0	22	16	0	0	0	0	0	0	0	0
01:09	216479	0	0	1	0	22	16	0	0	0	0	0	0	0	0
01:09	216487	0	0	1	0	22	16	0	0	0	0	0	0	0	0
01:09	216495	0	0	1	0	22	16	0	0	0	0	0	0	0	0
01:09	216503	0	0	1	0	22	16	0	0	0	0	0	0	0	0
01:09	216511	0	0	1	0	22	16	0	0	0	0	0	0	0	0
01:09	216519	0	0	1	0	22	16	0	0	0	0	0	0	0	0
01:09	216527	0	0	1	0	22	16	0	0	0	0	0	0	0	0
01:09	216535	0	0	1	0	22	16	0	0	0	0	0	0	0	0
01:09	216543	0	0	1	0	22	16	0	0	0	0	0	0	0	0
01:09	216551	0	0	1	0	22	16	0	0	0	0	0	0	0	0
01:09	216559	0	0	1	0	22	16	0	0	0	0	0	0	0	0
01:09	216567	0	0	1	0	22	16	0	0	0	0	0	0	0	0
01:08	216575	0	0	1	0	22	16	0	0	0	0	0	0	0	0
01:08	216583	0	0	1	0	22	16	0	0	0	0	0	0	0	0
01:08	216591	0	0	1	0	22	16	0	0	0	0	0	0	0	0
01:08	216599	0	0	1	0	22	16	0	0	0	0	0	0	0	0
01:08	216607	0	0	1	0	22	16	0	0	0	0	0	0	0	0
01:08	216615	0	0	1	0	22	16	0	0	0	0	0	0	0	0
01:08	216623	0	0	1	0	22	16	0	0	0	0	0	0	0	0
01:08	216631	0	0	1	0	22	16	0	0	0	0	0	0	0	0
01:08	216639	0	0	1	0	22	16	0	0	0	0	0	0	0	0
01:08	216647	0	0	1	0	22	16	0	0	0	0	0	0	0	0
01:08	216655	0	0	1	0	22	16	0	0	0	0	0	0	0	0
01:08	216663	0	0	1	0	22	16	0	0	0	0	0	0	0	0
01:08	216671	0	0	1	0	22	16	0	0	0	0	0	0	0	0
01:08	216679	0	0	1	0	22	16	0	0	0	0	0	0	0	0
01:08	216687	0	0	1	0	22	16	0	0	0	0	0	0	0	0
01:07	216695	0	0	1	0	22	16	0	0	0	0	0	0	0	0
01:07	216703	0	0	1	0	22	16	0	0	0	0	0	0	0	0
01:07	216711	0	0	1	0	22	16	0	0	0	0	0	0	0	0
01:07	216719	0	0	1	0	22	16	0	0	0	0	0	0	0	0
01:07	216727	0	0	1	0	22	16	0	0	0	0	0	0	0	0
01:07	216735	0	0	1	0	22	16	0	0	0	0	0	0	0	0
01:07	216743	0	0	1	0	22	16	0	0	0	0	0	0	0	0
01:07	216751	0	0	1	0	22	16	0	0	0	0	0	0	0	0
01:07	216759	0	0	1	0	22	16	0	0	0	0	0	0	0	0
01:07	216767	0	0	1	0	22	16	0	0	0	0	0	0	0	0
01:07	216775	0	0	1	0	22	16	0	0	0	0	0	0	0	0
01:07	216783	0	0	1	0	22	16	0	0	0	0	0	0	0	0
01:07	216791	0	0	1	0	22	16	0	0	0	0	0	0	0	0
01:07	216799	0	0	1	0	22	16	0	0	0	0	1	0	0	0
01:07	216807	0	0	1	0	22	16	0	0	0	0	1	0	0	0
01:07	216815	0	0	1	0	22	16	0	0	0	0	1	0	0	0
01:06	216823	0	0	1	0	22	16	0	0	0	0	0	0	0	0
01:06	216831	0	0	1	0	22	16	0	0	0	0	0	0	0	0
01:06	216839	0	0	1	0	22	16	0	0	0	0	0	0	0	0
01:06	216847	0	0	1	0	22	16	0	0	0	0	0	0	0	0
01:06	216855	0	0	1	0	22	16	0	0	0	0	0	0	0	0
01:06	216863	0	0	1	0	22	16	0	0	0	0	0	0	0	0
01:06	216871	0	0	1	0	22	16	0	0	0	0	0	0	0	0
01:06	216879	0	0	1	0	22	16	0	0	0	0	0	0	0	0
01:06	216887	0	0	1	0	22	16	0	0	0	0	0	0	0	0
01:06	216895	0	0	1	0	22	16	0	0	0	0	0	0	0	0
01:06	216903	0	0	1	0	22	16	0	0	0	0	0	0	0	0
01:06	216911	0	0	1	0	22	16	0	0	0	0	0	0	0	0
01:06	216919	0	0	1	0	22	16	0	0	0	0	0	0	0	0
01:06	216927	0	0	1	0	22	16	0	0	0	0	0	0	0	0
01:06	216935	0	0	1	0	22	16	0	0	0	0	0	0	0	0
01:06	216943	0	0	1	0	22	16	0	0	0	0	0	0	0	0
01:05	216951	0	0	1	0	22	16	0	0	0	0	0	0	0	0
01:05	216959	0	0	1	0	22	16	0	0	0	0	0	0	0	0
01:05	216967	0	0	1	0	22	16	0	0	0	0	0	0	0	0
01:05	216975	0	0	1	0	22	16	0	0	0	0	0	0	0	0
01:05	216983	0	0	1	0	22	16	0	0	0	0	0	0	0	0
01:05	216991	0	0	1	0	22	16	0	0	0	0	0	0	0	0
01:05	216999	0	0	1	0	22	16	0	0	0	0	0	0	0	0
01:05	217007	0	0	1	0	22	16	0	0	0	0	0	0	0	0
01:05	217015	0	0	1	0	22	16	0	0	0	0	0	0	0	0
01:05	217023	0	0	1	0	22	16	0	0	0	0	0	0	0	0
01:05	217031	0	0	1	0	22	16	0	0	0	0	0	0	0	0
01:05	217039	1	0	0	0	22	16	0	0	0	0	0	0	0	0
01:05	217047	1	0	0	0	22	16	0	0	0	0	0	0	0	0
01:05	217055	1	0	0	0	22	16	0	0	0	0	0	0	0	0
01:05	217063	1	0	0	0	22	16	0	0	0	0	1	0	0	0
01:05	217071	1	0	0	0	22	16	0	0	0	0	1	0	0	0
01:04	217079	1	0	0	0	22	16	0	0	0	0	1	0	0	0
01:04	217087	1	0	0	0	22	16	0	0	0	0	1	0	0	0
01:04	217095	1	0	0	0	22	16	0	0	0	0	1	0	0	0
01:04	217103	1	0	0	0	22	16	0	0	0	0	1	0	0	0
01:04	217111	1	0	0	0	22	16	0	0	0	0	1	0	0	0
01:04	217119	1	0	0	0	22	16	0	0	0	0	1	0	0	0
01:04	217127	1	0	0	0	22	16	0	0	0	0	1	0	0	0
01:04	217135	1	0	0	0	22	16	0	0	0	0	1	0	0	0
01:04	217143	1	0	0	0	22	16	0	0	0	0	1	0	0	0
01:04	217151	1	0	0	0	22	16	0	0	0	0	1	0	0	0
01:04	217159	1	0	0	0	22	16	0	0	0	0	1	0	0	0
01:04	217167	1	0	0	0	22	16	0	0	0	0	1	0	0	0
01:04	217175	1	0	0	0	21	16	0	0	0	0	1	0	0	0
01:04	217183	1	0	0	0	19	16	0	0	0	0	1	0	0	0
01:04	217191	1	1	0	0	18	16	0	0	0	0	1	0	0	0
01:04	217199	1	1	0	0	16	16	0	0	0	0	1	0	0	0
01:03	217207	1	1	0	0	16	16	0	0	0	0	1	0	0	0
01:03	217215	1	1	0	0	16	16	0	0	0	0	1	0	0	0
01:03	217223	1	1	0	0	15	16	0	0	0	0	1	0	0	0
01:03	217231	1	1	0	0	16	16	0	0	0	0	1	0	0	0
01:03	217239	1	1	0	0	16	16	0	0	0	0	1	0	0	0
01:03	217247	1	1	0	0	15	16	0	0	0	0	1	0	0	0
01:03	217255	1	1	0	0	13	14	0	0	0	0	1	0	0	0
01:03	217263	1	1	0	0	21	15	0	0	0	0	1	0	0	0
01:03	217271	1	1	0	0	22	16	0	0	0	0	0	0	0	0
01:03	217279	0	0	1	1	22	16	0	0	0	0	0	0	0	0
01:03	217287	0	0	1	1	22	16	0	0	0	0	0	0	0	0
01:03	217295	0	1	0	0	22	16	0	0	0	0	0	0	0	0
01:03	217303	0	1	0	0	22	16	0	0	0	0	0	0	0	0
01:03	217311	0	1	0	0	21	16	0	0	0	0	0	0	0	0
01:03	217319	0	1	0	0	21	16	0	0	0	0	0	0	0	0
01:03	217327	0	1	0	0	21	16	0	0	0	0	0	0	0	0
01:02	217335	0	1	0	0	20	16	0	0	0	0	0	0	0	0
01:02	217343	0	1	0	0	20	16	0	0	0	1	0	0	0	0
01:02	217351	0	1	0	0	21	16	0	0	0	1	0	0	0	0
01:02	217359	0	1	0	0	21	16	0	0	0	1	0	0	0	0
01:02	217367	1	1	0	0	21	16	0	0	0	1	0	0	0	0
01:02	217375	1	1	0	0	21	16	0	0	0	1	0	0	0	0
01:02	217383	1	1	0	0	20	16	0	0	0	1	0	0	0	0
01:02	217391	1	1	0	0	21	16	0	0	0	1	0	0	0	0
01:02	217399	1	1	0	0	22	16	0	0	0	1	0	0	0	0
01:02	217407	1	1	0	0	21	16	0	0	0	1	0	0	0	0
01:02	217415	1	1	0	0	16	16	0	0	0	1	0	0	0	0
01:02	217423	1	1	0	0	20	16	0	0	0	1	0	0	0	0
01:02	217431	1	1	0	0	22	16	0	0	0	1	0	0	0	0
01:02	217439	1	1	0	0	22	16	0	0	0	1	0	0	0	0
01:02	217447	1	1	0	0	22	16	0	0	0	1	0	0	0	0
01:02	217455	1	1	0	0	22	16	0	0	0	1	0	0	0	0
01:01	217463	1	1	0	0	21	16	0	0	0	1	0	0	0	0
01:01	217471	1	1	0	0	21	15	0	0	0	1	0	0	0	0
01:01	217479	1	1	0	0	21	16	0	0	0	1	0	0	0	0
01:01	217487	1	1	0	0	22	16	0	0	0	1	0	0	0	0
01:01	217495	1	1	0	0	22	16	0	0	0	1	0	0	0	0
01:01	217503	1	1	0	0	21	16	0	0	0	1	0	0	0	0
01:01	217511	1	1	0	0	22	16	0	0	0	1	0	0	0	0
01:01	217519	1	1	0	0	22	16	0	0	0	1	0	0	0	0
01:01	217527	1	1	0	0	21	16	0	0	0	1	0	0	0	0
01:01	217535	1	1	0	0	22	16	0	0	0	1	0	0	0	0
01:01	217543	1	1	0	0	21	17	0	0	0	0	0	0	0	0
01:01	217551	1	1	0	0	21	16	0	0	0	0	0	0	0	0
01:01	217559	1	1	0	0	22	16	0	0	0	0	0	0	0	0
01:01	217567	1	1	0	0	22	16	0	0	0	0	1	0	0	0
01:01	217575	1	0	0	0	22	16	0	0	0	0	1	0	0	0
01:01	217583	1	1	0	0	20	16	0	0	0	0	1	0	0	0
00:60	217591	1	1	0	0	21	17	0	0	0	0	1	0	0	0
00:60	217599	1	1	0	0	22	16	0	0	0	0	1	0	0	0
00:60	217607	1	1	0	0	22	16	0	0	0	0	1	0	0	0
00:60	217615	1	1	0	0	23	16	0	0	0	1	1	0	0	0
00:60	217623	1	1	0	0	22	16	0	0	0	1	0	0	0	0
00:60	217631	1	1	0	0	22	16	0	0	0	1	0	0	0	0
00:60	217639	1	1	0	0	21	16	0	0	0	1	0	0	0	0
00:60	217647	1	1	0	0	22	16	0	0	0	1	0	0	0	0
00:60	217655	1	1	0	0	22	16	0	0	0	1	0	0	0	0
00:60	217663	1	1	0	0	22	16	0	0	0	1	0	0	0	0
00:60	217671	1	1	0	0	18	16	0	0	0	0	0	0	0	0
00:60	217679	1	1	0	0	21	16	0	0	0	0	0	0	0	0
00:60	217687	1	1	0	0	22	16	0	0	0	0	0	0	0	0
00:60	217695	1	1	0	0	22	16	0	0	0	0	0	0	0	0
00:60	217703	1	1	0	0	21	16	0	0	0	0	0	0	0	0
00:59	217711	1	1	0	0	21	16	0	0	0	0	0	0	0	0
00:59	217719	1	1	0	0	21	16	0	0	0	1	0	0	0	0
00:59	217727	1	1	0	0	21	16	0	0	0	1	0	0	0	0
00:59	217735	1	1	0	0	22	16	0	0	0	1	0	0	0	0
00:59	217743	1	1	0	0	22	16	0	0	0	1	0	0	0	0
00:59	217751	1	1	0	0	22	16	0	0	0	1	0	0	0	0
00:59	217759	1	1	0	0	21	15	0	0	0	1	0	0	0	0
00:59	217767	1	1	0	0	21	15	0	0	0	1	0	0	0	0
00:59	217775	1	1	0	0	21	15	0	0	0	1	0	0	0	0
00:59	217783	1	1	0	0	21	16	0	0	0	1	0	0	0	0
00:59	217791	1	1	0	0	21	16	0	0	0	1	0	0	0	0
00:59	217799	1	1	0	0	21	16	0	0	0	1	0	0	0	0
00:59	217807	1	1	0	0	21	16	0	0	0	1	0	0	0	0
00:59	217815	1	1	0	0	22	16	0	0	0	1	0	0	0	0
00:59	217823	1	1	0	0	22	16	0	0	0	1	0	0	0	0
00:59	217831	1	1	0	0	22	16	0	0	0	1	0	0	0	0
00:58	217839	1	1	0	0	22	16	0	0	0	1	0	0	0	0
00:58	217847	1	1	0	0	22	16	0	0	0	1	0	0	0	0
00:58	217855	1	1	0	0	22	17	0	0	0	1	0	0	0	0
00:58	217863	1	1	0	0	20	19	0	0	0	1	0	0	0	0
00:58	217871	1	1	0	0	19	18	0	0	0	0	0	0	0	0
00:58	217879	1	1	0	0	21	17	0	0	0	0	0	0	0	0
00:58	217887	1	1	0	0	20	16	0	0	0	0	0	0	0	0
00:58	217895	1	1	0	0	21	16	0	0	0	0	1	0	0	0
00:58	217903	1	1	0	0	21	16	0	0	0	0	1	0	0	0
00:58	217911	1	1	0	0	21	16	0	0	0	0	1	0	0	0
00:58	217919	1	1	0	0	23	16	0	0	0	0	1	0	0	0
00:58	217927	1	0	0	1	33	16	0	0	0	0	1	0	0	0
00:58	217935	1	0	0	1	36	16	0	0	0	0	1	0	0	0
00:58	217943	0	0	0	1	31	17	0	0	0	0	1	0	0	0
00:58	217951	0	0	1	1	28	17	0	0	0	0	1	0	0	0
00:58	217959	0	0	1	1	27	17	0	0	0	0	1	0	0	0
00:57	217967	1	0	0	1	27	17	0	0	0	0	1	0	0	0
00:57	217975	1	0	0	1	27	17	0	0	0	0	1	0	0	0
00:57	217983	0	0	0	1	25	17	0	0	0	0	1	0	0	0
00:57	217991	0	0	0	1	26	17	0	0	0	0	1	0	0	0
00:57	217999	0	0	0	1	28	16	0	0	0	0	1	0	0	0
00:57	218007	0	0	1	1	25	16	0	0	0	1	1	0	0	0
00:57	218015	0	0	1	1	25	16	0	0	0	1	0	0	0	0
00:57	218023	0	0	1	1	24	16	0	0	0	0	0	0	0	0
00:57	218031	0	0	0	1	22	16	0	0	0	0	0	0	0	0
00:57	218039	1	0	0	1	13	15	0	0	0	0	1	0	0	0
00:57	218047	1	0	0	1	10	15	0	0	0	0	1	0	0	0
00:57	218055	1	0	0	1	16	16	0	0	0	0	1	0	0	0
00:57	218063	1	0	0	1	9	17	0	0	0	0	1	0	0	0
00:57	218071	1	0	0	1	6	15	0	0	0	0	1	0	0	0
00:57	218079	1	1	0	0	10	14	0	0	0	0	1	0	0	0
00:57	218087	1	1	0	0	22	16	0	0	0	0	1	0	0	0
00:56	218095	1	1	0	0	22	16	0	0	0	0	1	0	0	0
00:56	218103	1	1	0	0	22	16	0	0	0	0	1	0	0	0
00:56	218111	1	1	0	0	23	16	0	0	0	0	1	0	0	0
00:56	218119	1	1	0	0	22	16	0	0	0	0	1	0	0	0
00:56	218127	1	1	0	0	21	16	0	0	0	0	1	0	0	0
00:56	218135	1	1	0	0	12	16	0	0	0	0	1	0	0	0
00:56	218143	1	1	0	0	12	16	0	0	0	0	1	0	0	0
00:56	218151	1	1	0	0	22	16	0	0	0	0	1	0	0	0
00:56	218159	1	1	0	0	22	16	0	0	0	0	1	0	0	0
00:56	218167	1	1	0	0	20	16	0	0	0	0	1	0	0	0
00:56	218175	1	1	0	0	20	15	0	0	0	0	0	0	0	0
00:56	218183	0	1	0	0	20	16	0	0	0	0	0	0	0	0
00:56	218191	0	1	0	0	20	16	0	0	0	0	0	0	0	0
00:56	218199	0	1	0	0	21	16	0	0	0	0	0	0	0	0
00:56	218207	1	1	0	0	22	16	0	0	0	0	0	0	0	0
00:56	218215	1	1	0	0	17	16	0	0	0	0	0	0	0	0
00:55	218223	1	1	0	0	15	16	0	0	0	0	0	0	0	0
00:55	218231	1	1	0	0	16	16	0	0	0	0	0	0	0	0
00:55	218239	1	1	0	0	17	16	0	0	0	0	0	0	0	0
00:55	218247	0	1	0	0	18	16	0	0	0	0	0	0	0	0
00:55	218255	0	1	0	0	19	16	0	0	0	0	0	0	0	0
00:55	218263	0	1	0	0	20	16	0	0	0	0	0	0	0	0
00:55	218271	0	1	0	0	18	16	0	0	0	0	0	0	0	0
00:55	218279	0	1	0	0	19	16	0	0	0	0	0	0	0	0
00:55	218287	0	1	0	0	19	16	0	0	0	0	0	0	0	0
00:55	218295	0	1	1	0	18	16	0	0	0	0	0	0	0	0
00:55	218303	0	1	1	0	19	16	0	0	0	0	0	0	0	0
00:55	218311	0	1	1	0	19	16	0	0	0	0	0	0	0	0
00:55	218319	0	1	1	0	19	16	0	0	0	0	0	0	0	0
00:55	218327	0	1	1	0	22	16	0	0	0	0	0	0	0	0
00:55	218335	1	1	0	0	34	17	0	0	0	0	0	0	0	0
00:55	218343	1	0	0	1	39	17	0	0	0	0	0	0	0	0
00:54	218351	1	0	0	1	39	14	0	0	0	0	0	0	0	0
00:54	218359	0	0	1	1	25	16	0	0	0	0	0	0	0	0
00:54	218367	0	0	1	1	22	16	0	0	0	0	0	0	0	0
00:54	218375	0	0	1	1	22	16	0	0	0	0	0	0	0	0
00:54	218383	1	0	0	1	24	15	0	0	0	0	0	0	0	0
00:54	218391	1	0	0	1	28	15	0	0	0	0	0	0	0	0
00:54	218399	1	0	0	1	28	16	0	0	0	0	0	0	0	0
00:54	218407	1	0	0	1	27	16	0	0	0	0	0	0	0	0
00:54	218415	0	0	0	1	26	16	0	0	0	0	0	0	0	0
00:54	218423	0	0	0	1	24	16	0	0	0	0	0	0	0	0
00:54	218431	0	0	0	1	23	16	0	0	0	0	0	0	0	0
00:54	218439	0	0	0	1	20	16	0	0	0	0	0	0	0	0
00:54	218447	0	0	0	1	12	17	0	0	0	0	0	0	0	0
00:54	218455	1	0	0	1	11	16	0	0	0	0	0	0	0	0
00:54	218463	1	0	0	1	15	16	0	0	0	0	0	0	0	0
00:54	218471	0	0	1	0	18	16	0	0	0	0	0	0	0	0
00:53	218479	0	0	1	0	21	16	0	0	0	0	0	0	0	0
00:53	218487	0	0	1	0	20	17	0	0	0	0	0	0	0	0
00:53	218495	0	0	1	0	19	18	0	0	0	0	0	0	0	4
00:53	218503	0	0	1	0	19	18	0	0	0	0	0	0	0	0
00:53	218511	0	0	1	0	18	18	0	0	0	0	0	0	0	0
00:53	218519	0	0	1	0	21	17	0	0	0	0	0	0	0	0
00:53	218527	0	1	1	0	22	16	0	0	0	0	0	0	0	0
00:53	218535	0	1	1	0	22	16	0	0	0	0	0	0	0	0
00:53	218543	0	1	1	0	20	16	0	0	0	0	0	0	0	0
00:53	218551	0	1	1	0	19	16	0	0	0	0	0	0	0	0
00:53	218559	0	1	1	0	21	16	0	0	0	0	0	0	0	0
00:53	218567	0	1	1	0	22	16	0	0	0	0	0	0	0	0
00:53	218575	0	1	1	0	22	16	0	0	0	0	0	0	0	0
00:53	218583	0	1	1	0	22	16	0	0	0	0	0	0	0	0
00:53	218591	0	1	1	0	22	16	0	0	0	0	0	0	0	0
00:53	218599	0	1	1	0	22	16	0	0	0	0	0	0	0	0
00:52	218607	1	0	0	1	22	16	0	0	0	0	0	0	0	0
00:52	218615	1	0	0	1	22	16	1	0	0	0	0	0	0	0
00:52	218623	1	0	0	1	22	16	0	0	0	0	0	0	0	0
00:52	218631	1	0	0	1	22	16	0	0	0	0	0	0	0	1
00:52	218639	1	0	0	1	22	16	0	0	0	0	0	0	0	0
00:52	218647	1	0	0	1	25	16	0	0	0	0	0	0	0	0
00:52	218655	0	1	1	0	36	14	0	0	0	0	0	0	0	0
00:52	218663	0	1	1	0	36	13	0	0	0	0	0	0	0	0
00:52	218671	1	1	0	0	30	14	0	0	0	0	0	0	0	0
00:52	218679	1	1	0	0	23	16	0	0	0	0	0	0	0	0
00:52	218687	1	1	0	0	22	16	0	0	0	0	0	0	0	0
00:52	218695	0	1	0	0	22	16	0	0	0	0	0	0	0	0
00:52	218703	0	1	0	0	22	16	0	0	0	0	0	0	0	0
00:52	218711	0	1	0	0	11	18	0	0	0	0	0	0	0	0
00:52	218719	0	1	1	0	6	19	0	0	0	0	0	0	0	0
00:51	218727	0	1	1	0	4	13	0	0	0	0	0	0	0	0
00:51	218735	0	0	1	1	7	12	0	0	0	0	0	0	0	0
00:51	218743	0	0	0	1	22	16	0	0	0	0	0	0	0	0
00:51	218751	0	0	0	1	22	16	0	0	0	0	0	0	0	0
00:51	218759	0	0	0	1	22	16	0	0	0	0	0	0	0	0
00:51	218767	1	0	0	1	22	16	0	0	0	0	0	0	0	0
00:51	218775	1	0	0	1	22	16	0	0	0	0	0	0	0	0
00:51	218783	1	0	0	1	22	16	0	0	0	0	0	0	0	0
00:51	218791	1	0	0	1	22	16	0	0	0	0	0	0	0	0
00:51	218799	1	0	0	1	22	16	0	0	0	0	0	0	0	0
00:51	218807	1	0	0	1	23	19	0	0	0	0	0	0	0	0
00:51	218815	1	0	0	1	22	16	0	0	0	0	0	0	0	0
00:51	218823	1	0	0	1	22	16	0	0	0	0	0	0	0	0
00:51	218831	1	0	0	1	22	16	0	0	0	0	0	0	0	0
00:51	218839	1	0	0	1	22	16	0	0	0	0	0	0	0	0
00:51	218847	1	0	0	1	22	16	0	0	0	0	0	0	0	0
00:50	218855	1	0	0	1	22	16	0	0	0	0	0	0	0	0
00:50	218863	1	0	0	1	22	16	0	0	0	0	0	0	0	0
00:50	218871	1	0	0	1	22	16	0	0	0	0	0	0	0	0
00:50	218879	1	0	0	1	22	16	0	0	0	0	0	0	0	0
00:50	218887	1	0	0	0	22	16	0	0	0	0	0	0	0	0
00:50	218895	1	0	0	1	26	16	0	0	0	0	0	0	0	0
00:50	218903	1	0	0	1	30	16	0	0	0	0	0	0	0	0
00:50	218911	1	0	0	1	22	16	0	0	0	0	0	0	0	0
00:50	218919	1	0	0	1	22	16	0	0	0	0	0	0	0	0
00:50	218927	1	0	0	1	22	16	0	0	0	0	0	0	0	0
00:50	218935	1	0	0	1	25	16	0	0	0	0	0	0	0	0
00:50	218943	1	0	0	1	26	17	0	0	0	0	0	0	0	0
00:50	218951	1	0	0	1	22	16	0	0	0	0	0	0	0	0
00:50	218959	1	0	0	1	22	16	0	0	0	0	0	0	0	0
00:50	218967	1	0	0	1	26	16	0	0	0	0	0	0	0	0
00:50	218975	1	0	0	1	23	16	0	0	0	0	0	0	0	0
00:49	218983	1	0	0	1	22	16	0	0	0	0	0	0	0	0
00:49	218991	1	0	0	1	22	16	0	0	0	0	0	0	0	0
00:49	218999	1	0	0	1	23	16	0	0	0	0	0	0	0	0
00:49	219007	1	0	0	1	23	16	0	0	0	0	0	0	0	0
00:49	219015	1	0	0	1	23	16	0	0	0	0	0	0	0	0
00:49	219023	1	0	0	1	23	16	0	0	0	0	0	0	0	0
00:49	219031	1	0	0	1	30	16	0	0	0	0	0	0	0	0
00:49	219039	1	0	0	1	27	16	0	0	0	0	0	0	0	0
00:49	219047	1	0	0	1	24	16	0	0	0	0	0	0	0	0
00:49	219055	1	0	0	1	25	16	0	0	0	0	0	0	0	0
00:49	219063	1	0	0	1	25	17	0	0	0	0	0	0	0	0
00:49	219071	1	0	0	1	27	16	0	0	0	0	0	0	0	0
00:49	219079	1	0	0	1	27	17	0	0	0	0	0	0	0	0
00:49	219087	1	0	0	1	25	16	0	0	0	0	0	0	0	0
00:49	219095	1	0	0	1	22	16	0	0	0	0	0	0	0	0
00:49	219103	1	0	0	1	18	16	0	0	0	0	0	0	0	0
00:48	219111	1	0	0	1	15	15	0	0	0	0	0	0	0	0
00:48	219119	1	0	0	0	16	16	0	0	0	0	0	0	0	0
00:48	219127	1	1	0	0	19	16	0	0	0	0	0	0	0	0
00:48	219135	1	1	0	0	21	16	0	0	0	0	0	0	0	0
00:48	219143	1	1	0	0	20	16	0	0	0	0	0	0	0	0
00:48	219151	1	1	0	0	16	16	0	0	0	0	0	0	0	0
00:48	219159	1	1	0	0	13	15	0	0	0	0	0	0	0	0
00:48	219167	1	1	0	0	20	16	0	0	0	0	0	0	0	0
00:48	219175	1	1	0	0	22	16	0	0	0	0	0	0	0	0
00:48	219183	1	1	0	0	22	16	0	0	0	0	0	0	0	0
00:48	219191	1	1	0	0	19	16	0	0	0	0	0	0	0	0
00:48	219199	1	1	0	0	19	16	0	0	0	0	0	0	0	0
00:48	219207	1	1	0	0	21	16	0	0	0	0	0	0	0	0
00:48	219215	1	1	0	0	21	16	0	0	0	0	0	0	0	0
00:48	219223	1	1	0	0	22	16	0	0	0	0	0	0	0	0
00:40	219231	1	1	0	0	22	16	0	0	0	0	0	0	0	0
00:40	219239	1	1	0	0	22	16	0	0	0	0	0	0	0	0
00:40	219247	1	1	0	0	22	16	0	0	0	0	1	0	0	0
00:40	219255	1	1	0	0	22	16	0	0	0	0	1	0	0	0
00:40	219263	1	1	0	0	22	16	0	0	0	0	1	0	0	0
00:40	219271	1	1	0	0	22	16	0	0	0	0	1	0	0	0
00:40	219279	1	1	0	0	22	16	0	0	0	0	1	0	0	0
00:40	219287	1	1	0	0	25	16	0	0	0	0	1	0	0	0
00:40	219295	1	0	0	1	32	16	0	0	0	0	1	0	0	0
00:40	219303	0	0	0	1	29	17	0	0	0	0	1	0	0	0
00:40	219311	1	1	0	0	24	16	0	0	0	0	1	0	0	0
00:40	219319	1	1	0	0	21	16	0	0	0	0	1	0	0	0
00:40	219327	1	1	0	0	22	16	0	0	0	0	1	0	0	0
00:40	219335	1	1	0	0	22	16	0	0	0	0	1	0	0	0
00:40	219343	0	0	1	1	22	16	0	0	0	0	1	0	0	0
00:40	219351	0	0	1	1	22	16	0	0	0	0	1	0	0	0
00:39	219359	0	0	1	1	22	16	0	0	0	0	1	0	0	0
00:39	219367	0	0	1	1	22	16	0	0	0	0	1	0	0	0
00:39	219375	1	1	0	0	22	16	0	0	0	0	1	0	0	0
00:39	219383	1	1	0	0	22	16	0	0	0	0	1	0	0	0
00:39	219391	1	1	0	0	22	16	0	0	0	0	1	0	0	0
00:39	219399	1	1	0	0	22	16	0	0	0	0	1	0	0	0
00:39	219407	1	1	0	0	22	16	0	0	0	0	1	0	0	0
00:39	219415	1	1	0	0	22	16	0	0	0	0	1	0	0	0
00:39	219423	1	1	0	0	22	16	0	0	0	0	1	0	0	0
00:39	219431	1	1	0	0	22	16	0	0	0	0	1	0	0	0
00:39	219439	1	1	0	0	22	16	0	0	0	0	1	0	0	0
00:39	219447	1	1	0	0	22	16	0	0	0	0	1	0	0	0
00:39	219455	1	1	0	0	22	16	0	0	0	0	1	0	0	0
00:39	219463	1	1	0	0	22	16	0	0	0	0	1	0	0	0
00:39	219471	1	1	0	0	22	16	0	0	0	0	1	0	0	0
00:39	219479	0	0	1	1	22	16	0	0	0	0	1	0	0	0
00:38	219487	0	0	1	1	22	16	0	0	0	0	1	0	0	0
00:38	219495	0	0	1	1	22	16	0	0	0	0	1	0	0	0
00:38	219503	1	1	0	0	22	16	0	0	0	0	1	0	0	0
00:38	219511	1	1	0	0	22	16	0	0	0	0	1	0	0	0
00:38	219519	1	1	0	0	22	16	0	0	0	0	1	0	0	0
00:38	219527	1	1	0	0	22	16	0	0	0	0	1	0	0	0
00:38	219535	1	1	0	0	22	16	0	0	0	0	1	0	0	0
00:38	219543	1	1	0	0	22	16	0	0	0	0	1	0	0	0
00:38	219551	1	1	0	0	22	16	0	0	0	0	0	0	0	0
00:38	219559	1	1	0	0	22	16	0	0	0	0	0	0	0	0
00:38	219567	1	1	0	0	22	16	0	0	0	0	0	0	0	0
00:38	219575	1	1	0	0	22	16	0	0	0	0	0	0	0	0
00:38	219583	1	1	0	0	22	16	0	0	0	0	0	0	0	0
00:38	219591	1	1	0	0	22	16	0	0	0	0	0	0	0	0
00:38	219599	1	1	0	0	22	16	0	0	0	0	0	0	0	0
00:38	219607	1	1	0	0	22	16	0	0	0	0	0	0	0	0
00:37	219615	1	1	0	0	22	16	0	0	0	0	0	0	0	0
00:37	219623	1	1	0	0	22	16	0	0	0	0	0	0	0	0
00:37	219631	1	1	0	0	22	16	0	0	0	0	0	0	0	0
00:37	219639	1	1	0	0	22	16	0	0	0	1	0	0	0	0
00:37	219647	1	1	0	0	22	15	0	0	0	1	0	0	0	0
00:37	219655	1	1	0	0	22	16	0	0	0	1	0	0	0	0
00:37	219663	1	1	0	0	22	16	0	0	0	1	0	0	0	0
00:37	219671	0	0	1	1	22	16	0	0	0	1	0	0	0	0
00:37	219679	0	0	1	1	22	16	0	0	0	1	0	0	0	0
00:37	219687	0	0	1	1	22	16	0	0	0	1	0	0	0	0
00:37	219695	1	1	0	0	22	16	0	0	0	1	0	0	0	0
00:37	219703	1	1	0	0	22	16	0	0	0	1	0	0	0	0
00:37	219711	1	1	0	0	22	16	0	0	0	1	0	0	0	0
00:37	219719	1	1	0	0	22	16	0	0	0	1	0	0	0	0
00:37	219727	1	1	0	0	22	16	0	0	0	1	0	0	0	0
00:37	219735	1	1	0	0	22	16	0	0	0	1	0	0	0	0
00:36	219743	1	1	0	0	22	16	0	0	0	1	0	0	0	0
00:36	219751	1	1	0	0	22	16	0	0	0	1	0	0	0	0
00:36	219759	1	1	0	0	22	16	0	0	0	1	0	0	0	0
00:36	219767	1	1	0	0	22	16	0	0	0	1	0	0	0	0
00:36	219775	1	1	0	0	22	16	0	0	0	1	0	0	0	0
00:36	219783	1	1	0	0	22	16	0	0	0	1	0	0	0	0
00:36	219791	1	1	0	0	22	16	0	0	0	1	0	0	0	0
00:36	219799	1	1	0	0	22	16	0	0	0	1	0	0	0	0
00:36	219807	1	1	0	0	22	16	0	0	0	1	0	0	0	0
00:36	219815	1	1	0	0	22	16	0	0	0	1	0	0	0	0
00:36	219823	1	1	0	0	22	16	0	0	0	1	0	0	0	0
00:36	219831	1	1	0	0	22	16	0	0	0	1	0	0	0	0
00:36	219839	1	1	0	0	22	16	0	0	0	1	0	0	0	0
00:36	219847	1	1	0	0	22	16	0	0	0	1	0	0	0	0
00:36	219855	1	1	0	0	22	16	0	0	0	1	0	0	0	0
00:36	219863	1	1	0	0	22	16	0	0	0	1	0	0	0	0
00:35	219871	1	1	0	0	22	16	0	0	0	1	0	0	0	0
00:35	219879	1	1	0	0	22	16	0	0	0	1	0	0	0	0
00:35	219887	1	1	0	0	22	16	0	0	0	1	0	0	0	0
00:35	219895	1	1	0	0	22	16	0	0	0	1	0	0	0	0
00:35	219903	1	1	0	0	22	16	0	0	0	1	0	0	0	0
00:35	219911	1	1	0	0	22	16	0	0	0	1	0	0	0	0
00:35	219919	1	1	0	0	22	16	0	0	0	1	0	0	0	0
00:35	219927	1	1	0	0	22	16	0	0	0	1	0	0	0	0
00:35	219935	1	1	0	0	22	16	0	0	0	1	0	0	0	0
00:35	219943	1	1	0	0	22	16	0	0	0	1	0	0	0	0
00:35	219951	1	1	0	0	22	16	0	0	0	1	0	0	0	0
00:35	219959	1	1	0	0	22	16	0	0	0	1	0	0	0	0
00:35	219967	1	1	0	0	22	16	0	0	0	1	0	0	0	0
00:35	219975	1	1	0	0	22	16	0	0	0	1	0	0	0	0
00:35	219983	1	1	0	0	22	16	0	0	0	1	0	0	0	0
00:34	219991	1	1	0	0	22	16	0	0	0	1	0	0	0	0
00:34	219999	1	1	0	0	22	16	0	0	0	1	0	0	0	0
00:34	220007	1	1	0	0	22	16	0	0	0	1	0	0	0	0
00:34	220015	1	1	0	0	22	16	0	0	0	1	0	0	0	0
00:34	220023	1	1	0	0	22	16	0	0	0	1	0	0	0	0
00:34	220031	1	1	0	0	22	16	0	0	0	1	0	0	0	0
00:34	220039	1	1	0	0	22	16	0	0	0	1	0	0	0	0
00:34	220047	1	1	0	0	22	16	0	0	0	1	0	0	0	0
00:34	220055	1	1	0	0	22	16	0	0	0	1	0	0	0	0
00:34	220063	1	1	0	0	22	16	0	0	0	1	0	0	0	0
00:34	220071	1	1	0	0	22	16	0	0	0	1	0	0	0	0
00:34	220079	1	1	0	0	22	16	0	0	0	1	0	0	0	0
00:34	220087	1	1	0	0	22	16	0	0	0	1	0	0	0	0
00:34	220095	1	1	0	0	22	16	0	0	0	1	0	0	0	0
00:34	220103	1	1	0	0	22	16	0	0	0	1	0	0	0	0
00:34	220111	1	1	0	0	22	16	0	0	0	1	0	0	0	0
00:33	220119	1	1	0	0	22	16	0	0	0	1	0	0	0	0
00:33	220127	1	1	0	0	22	16	0	0	0	1	0	0	0	0
00:33	220135	1	1	0	0	22	16	0	0	0	1	0	0	0	0
00:33	220143	1	1	0	0	22	16	0	0	0	1	0	0	0	0
00:33	220151	1	1	0	0	22	16	0	0	0	1	0	0	0	0
00:33	220159	1	1	0	0	22	16	0	0	0	1	0	0	0	0
00:33	220167	1	1	0	0	22	16	0	0	0	1	0	0	0	0
00:33	220175	1	1	0	0	22	16	0	0	0	1	0	0	0	0
00:33	220183	1	1	0	0	22	16	0	0	0	1	0	0	0	0
00:33	220191	1	1	0	0	22	16	0	0	0	1	0	0	0	0
00:33	220199	1	1	0	0	22	16	0	0	0	1	0	0	0	0
00:33	220207	1	1	0	0	22	16	0	0	0	1	0	0	0	0
00:33	220215	1	1	0	0	22	16	0	0	0	1	0	0	0	0
00:33	220223	1	1	0	0	22	16	0	0	0	1	0	0	0	0
00:33	220231	1	1	0	0	22	16	0	0	0	1	0	0	0	0
00:33	220239	1	1	0	0	22	16	0	0	0	1	0	0	0	0
00:32	220247	1	1	0	0	22	16	0	0	0	1	0	0	0	0
00:32	220255	1	1	0	0	22	16	0	0	0	1	0	0	0	0
00:32	220263	1	1	0	0	22	16	0	0	0	1	0	0	0	0
00:32	220271	1	1	0	0	22	16	0	0	0	1	0	0	0	0
00:32	220279	1	1	0	0	22	16	0	0	0	1	0	0	0	0
00:32	220287	1	1	0	0	22	16	0	0	0	1	0	0	0	0
00:32	220295	1	1	0	0	22	16	0	0	0	1	0	0	0	0
00:32	220303	1	1	0	0	22	16	0	0	0	1	0	0	0	0
00:32	220311	1	1	0	0	22	16	0	0	0	1	0	0	0	0
00:32	220319	1	1	0	0	22	16	0	0	0	1	0	0	0	0
00:32	220327	1	1	0	0	22	16	0	0	0	1	0	0	0	0
00:32	220335	1	1	0	0	22	16	0	0	0	1	0	0	0	0
00:32	220343	1	1	0	0	22	16	0	0	0	1	0	0	0	0
00:32	220351	1	1	0	0	22	16	0	0	0	1	0	0	0	0
00:32	220359	1	1	0	0	22	16	0	0	0	1	0	0	0	0
00:32	220367	1	1	0	0	22	16	0	0	0	1	0	0	0	0
00:31	220375	1	1	0	0	22	16	0	0	0	1	0	0	0	0
00:31	220383	1	1	0	0	22	16	0	0	0	1	0	0	0	0
00:31	220391	1	1	0	0	22	16	0	0	0	1	0	0	0	0
00:31	220399	1	1	0	0	22	16	0	0	0	1	0	0	0	0
00:31	220407	1	1	0	0	22	16	0	0	0	1	0	0	0	0
00:31	220415	1	1	0	0	22	16	0	0	0	1	0	0	0	0
00:31	220423	1	1	0	0	22	16	0	0	0	1	0	0	0	0
00:31	220431	1	1	0	0	22	16	0	0	0	1	0	0	0	0
00:31	220439	1	1	0	0	22	16	0	0	0	1	0	0	0	0
00:31	220447	1	1	0	0	22	16	0	0	0	1	0	0	0	0
00:31	220455	1	1	0	0	22	16	0	0	0	1	0	0	0	0
00:31	220463	1	1	0	0	22	16	0	0	0	1	0	0	0	0
00:31	220471	1	1	0	0	22	16	0	0	0	1	0	0	0	0
00:31	220479	1	1	0	0	22	16	0	0	0	1	0	0	0	0
00:31	220487	1	1	0	0	22	16	0	0	0	1	0	0	0	0
00:31	220495	1	1	0	0	22	16	0	0	0	1	0	0	0	0
00:30	220503	1	1	0	0	22	16	0	0	0	1	0	0	0	0
00:30	220511	1	1	0	0	22	16	0	0	0	1	0	0	0	0
00:30	220519	1	1	0	0	22	16	0	0	0	1	0	0	0	0
00:30	220527	1	1	0	0	22	16	0	0	0	1	0	0	0	0
00:30	220535	1	1	0	0	22	16	0	0	0	1	0	0	0	0
00:30	220543	1	1	0	0	22	16	0	0	0	1	0	0	0	0
00:30	220551	1	1	0	0	22	16	0	0	0	1	0	0	0	0
00:30	220559	1	1	0	0	22	16	0	0	0	1	0	0	0	0
00:30	220567	1	1	0	0	22	16	0	0	0	1	0	0	0	0
00:30	220575	1	1	0	0	22	16	0	0	0	1	0	0	0	0
00:30	220583	1	1	0	0	22	16	0	0	0	1	0	0	0	0
00:30	220591	1	1	0	0	22	16	0	0	0	1	0	0	0	0
00:30	220599	1	1	0	0	22	16	0	0	0	1	0	0	0	0
00:30	220607	1	1	0	0	22	16	0	0	0	1	0	0	0	0
00:30	220615	1	1	0	0	22	16	0	0	0	1	0	0	0	0
00:30	220623	1	1	0	0	22	16	0	0	0	1	0	0	0	0
00:29	220631	1	1	0	0	22	16	0	0	0	1	0	0	0	0
00:29	220639	1	1	0	0	22	16	0	0	0	1	0	0	0	0
00:29	220647	1	1	0	0	22	16	0	0	0	1	0	0	0	0
00:29	220655	1	1	0	0	22	16	0	0	0	1	0	0	0	0
00:29	220663	1	1	0	0	22	16	0	0	0	1	0	0	0	0
00:29	220671	1	1	0	0	22	16	0	0	0	1	0	0	0	0
00:29	220679	1	1	0	0	22	16	0	0	0	1	0	0	0	0
00:29	220687	1	1	0	0	22	16	0	0	0	1	0	0	0	0
00:29	220695	1	1	0	0	22	16	0	0	0	1	0	0	0	0
00:29	220703	1	1	0	0	22	16	0	0	0	1	0	0	0	0
00:29	220711	1	1	0	0	22	16	0	0	0	1	0	0	0	0
00:29	220719	1	1	0	0	22	16	0	0	0	1	0	0	0	0
00:29	220727	1	1	0	0	22	16	0	0	0	1	0	0	0	0
00:29	220735	1	1	0	0	22	16	0	0	0	1	0	0	0	0
00:29	220743	1	1	0	0	22	16	0	0	0	1	0	0	0	0
00:29	220751	1	1	0	0	22	16	0	0	0	1	0	0	0	0
00:28	220759	1	1	0	0	22	16	0	0	0	1	0	0	0	0
00:28	220767	1	1	0	0	22	16	0	0	0	1	0	0	0	0
00:28	220775	1	1	0	0	22	16	0	0	0	1	0	0	0	0
00:28	220783	1	1	0	0	22	16	0	0	0	1	0	0	0	0
00:28	220791	1	1	0	0	22	16	0	0	0	1	0	0	0	0
00:28	220799	1	1	0	0	22	16	0	0	0	1	0	0	0	0
00:28	220807	1	1	0	0	22	16	0	0	0	1	0	0	0	0
00:28	220815	1	1	0	0	22	16	0	0	0	1	0	0	0	0
00:28	220823	1	1	0	0	22	16	0	0	0	1	0	0	0	0
00:28	220831	1	1	0	0	22	16	0	0	0	1	0	0	0	0
00:28	220839	1	1	0	0	22	16	0	0	0	1	0	0	0	0
00:28	220847	1	1	0	0	22	16	0	0	0	1	0	0	0	0
00:28	220855	1	1	0	0	22	16	0	0	0	1	0	0	0	0
00:28	220863	1	1	0	0	22	16	0	0	0	1	0	0	0	0
00:28	220871	1	1	0	0	22	16	0	0	0	1	0	0	0	0
00:28	220879	1	1	0	0	22	16	0	0	0	1	0	0	0	0
00:27	220887	1	1	0	0	22	16	0	0	0	1	0	0	0	0
00:27	220895	1	1	0	0	22	16	0	0	0	1	0	0	0	0
00:27	220903	1	1	0	0	22	16	0	0	0	1	0	0	0	0
00:27	220911	1	1	0	0	22	16	0	0	0	1	0	0	0	0
00:27	220919	1	1	0	0	22	16	0	0	0	1	0	0	0	0
00:27	220927	1	1	0	0	22	16	0	0	0	1	0	0	0	0
00:27	220935	1	1	0	0	22	16	0	0	0	1	0	0	0	0
00:27	220943	1	1	0	0	22	16	0	0	0	1	0	0	0	0
00:27	220951	1	1	0	0	22	16	0	0	0	1	0	0	0	0
00:27	220959	1	1	0	0	22	16	0	0	0	1	0	0	0	0
00:27	220967	1	1	0	0	22	16	0	0	0	1	0	0	0	0
00:27	220975	1	1	0	0	22	16	0	0	0	1	0	0	0	0
00:27	220983	1	1	0	0	22	16	0	0	0	1	0	0	0	0
00:27	220991	1	1	0	0	22	16	0	0	0	1	0	0	0	0
00:27	220999	1	1	0	0	22	16	0	0	0	1	0	0	0	0
00:26	221007	1	1	0	0	22	16	0	0	0	1	0	0	0	0
00:26	221015	1	1	0	0	22	16	0	0	0	1	0	0	0	0
00:26	221023	1	1	0	0	22	16	0	0	0	1	0	0	0	0
00:26	221031	1	1	0	0	22	16	0	0	0	1	0	0	0	0
00:26	221039	1	1	0	0	22	16	0	0	0	1	0	0	0	0
00:26	221047	1	1	0	0	22	16	0	0	0	1	0	0	0	0
00:26	221055	1	1	0	0	22	16	0	0	0	1	0	0	0	0
00:26	221063	1	1	0	0	22	16	0	0	0	1	0	0	0	0
00:26	221071	1	1	0	0	22	16	0	0	0	1	0	0	0	0
00:26	221079	1	1	0	0	22	16	0	0	0	1	0	0	0	0
00:26	221087	1	1	0	0	22	16	0	0	0	1	0	0	0	0
00:26	221095	1	1	0	0	22	16	0	0	0	1	0	0	0	0
00:26	221103	1	1	0	0	22	16	0	0	0	1	0	0	0	0
00:26	221111	1	1	0	0	22	16	0	0	0	1	0	0	0	0
00:26	221119	1	1	0	0	22	16	0	0	0	1	0	0	0	0
00:26	221127	1	1	0	0	22	16	0	0	0	1	0	0	0	0
00:25	221135	1	1	0	0	22	16	0	0	0	1	0	0	0	0
00:25	221143	1	1	0	0	22	16	0	0	0	1	0	0	0	0
00:25	221151	1	1	0	0	22	16	0	0	0	1	0	0	0	0
00:25	221159	1	1	0	0	22	16	0	0	0	1	0	0	0	0
00:25	221167	1	1	0	0	22	16	0	0	0	1	0	0	0	0
00:25	221175	1	1	0	0	22	16	0	0	0	1	0	0	0	0
00:25	221183	1	1	0	0	22	16	0	0	0	1	0	0	0	0
00:25	221191	1	1	0	0	22	16	0	0	0	1	0	0	0	0
00:25	221199	1	1	0	0	22	16	0	0	0	1	0	0	0	0
00:25	221207	1	1	0	0	22	16	0	0	0	1	0	0	0	0
00:25	221215	1	1	0	0	22	16	0	0	0	1	0	0	0	0
00:25	221223	1	1	0	0	22	16	0	0	0	1	0	0	0	0
00:25	221231	1	1	0	0	22	16	0	0	0	1	0	0	0	0
00:25	221239	1	1	0	0	22	16	0	0	0	1	0	0	0	0
00:25	221247	1	1	0	0	22	16	0	0	0	1	0	0	0	0
00:25	221255	1	1	0	0	22	16	0	0	0	1	0	0	0	0
00:24	221263	1	1	0	0	22	16	0	0	0	1	0	0	0	0
00:24	221271	1	1	0	0	22	16	0	0	0	1	0	0	0	0
00:24	221279	1	1	0	0	22	16	0	0	0	1	0	0	0	0
00:24	221287	1	1	0	0	22	16	0	0	0	1	0	0	0	0
00:24	221295	1	1	0	0	22	16	0	0	0	1	0	0	0	0
00:24	221303	1	1	0	0	22	16	0	0	0	1	0	0	0	0
00:24	221311	1	1	0	0	22	16	0	0	0	1	0	0	0	0
00:24	221319	1	1	0	0	22	16	0	0	0	1	0	0	0	0
00:24	221327	1	1	0	0	22	16	0	0	0	1	0	0	0	0
00:24	221335	1	1	0	0	22	16	0	0	0	1	0	0	0	0
00:24	221343	1	1	0	0	22	16	0	0	0	1	0	0	0	0
00:24	221351	1	1	0	0	22	16	0	0	0	1	0	0	0	0
00:24	221359	1	1	0	0	22	16	0	0	0	1	0	0	0	0
00:24	221367	1	1	0	0	22	16	0	0	0	1	0	0	0	0
00:24	221375	1	1	0	0	22	16	0	0	0	1	0	0	0	0
00:24	221383	1	1	0	0	22	16	0	0	0	1	0	0	0	0
00:23	221391	1	1	0	0	22	16	0	0	0	1	0	0	0	0
00:23	221399	1	1	0	0	22	16	0	0	0	1	0	0	0	0
00:23	221407	1	1	0	0	22	16	0	0	0	1	0	0	0	0
00:23	221415	1	1	0	0	22	16	0	0	0	1	0	0	0	0
00:23	221423	1	1	0	0	22	16	0	0	0	1	0	0	0	0
00:23	221431	1	1	0	0	22	16	0	0	0	1	0	0	0	0
00:23	221439	1	1	0	0	22	16	0	0	0	1	0	0	0	0
00:23	221447	1	1	0	0	22	16	0	0	0	1	0	0	0	0
00:23	221455	1	1	0	0	22	16	0	0	0	1	0	0	0	0
00:23	221463	1	1	0	0	22	16	0	0	0	1	0	0	0	0
00:23	221471	1	1	0	0	22	16	0	0	0	1	0	0	0	0
00:23	221479	1	1	0	0	22	16	0	0	0	1	0	0	0	0
00:23	221487	1	1	0	0	22	16	0	0	0	1	0	0	0	0
00:23	221495	1	1	0	0	22	16	0	0	0	1	0	0	0	0
00:23	221503	1	1	0	0	22	16	0	0	0	1	0	0	0	0
00:23	221511	1	1	0	0	22	16	0	0	0	1	0	0	0	0
00:22	221519	1	1	0	0	22	16	0	0	0	1	0	0	0	0
00:22	221527	1	1	0	0	22	16	0	0	0	1	0	0	0	0
00:22	221535	1	1	0	0	22	16	0	0	0	1	0	0	0	0
00:22	221543	1	1	0	0	22	16	0	0	0	1	0	0	0	0
00:22	221551	1	1	0	0	22	16	0	0	0	1	0	0	0	0
00:22	221559	1	1	0	0	22	16	0	0	0	1	0	0	0	0
00:22	221567	1	1	0	0	22	16	0	0	0	1	0	0	0	0
00:22	221575	1	1	0	0	22	16	0	0	0	1	0	0	0	0
00:22	221583	1	1	0	0	22	16	0	0	0	1	0	0	0	0
00:22	221591	1	1	0	0	22	16	0	0	0	1	0	0	0	0
00:22	221599	1	1	0	0	22	16	0	0	0	1	0	0	0	0
00:22	221607	1	1	0	0	22	16	0	0	0	1	0	0	0	0
00:22	221615	1	1	0	0	22	16	0	0	0	1	0	0	0	0
00:22	221623	1	1	0	0	22	16	0	0	0	1	0	0	0	0
00:22	221631	1	1	0	0	22	16	0	0	0	1	0	0	0	0
00:22	221639	1	1	0	0	22	16	0	0	0	1	0	0	0	0
00:21	221647	1	1	0	0	22	16	0	0	0	1	0	0	0	0
00:21	221655	1	1	0	0	22	16	0	0	0	1	0	0	0	0
00:21	221663	1	1	0	0	22	16	0	0	0	1	0	0	0	0
00:21	221671	1	1	0	0	22	16	0	0	0	1	0	0	0	0
00:21	221679	1	1	0	0	22	16	0	0	0	1	0	0	0	0
00:21	221687	1	1	0	0	22	16	0	0	0	1	0	0	0	0
00:21	221695	1	1	0	0	22	16	0	0	0	1	0	0	0	0
00:21	221703	1	1	0	0	22	16	0	0	0	1	0	0	0	0
00:21	221711	1	1	0	0	22	16	0	0	0	1	0	0	0	0
00:21	221719	1	1	0	0	22	16	0	0	0	1	0	0	0	0
00:21	221727	1	1	0	0	21	17	0	0	0	1	0	0	0	0
00:21	221735	1	1	0	0	12	18	0	0	0	0	0	0	0	0
00:21	221743	1	1	0	0	13	16	0	0	0	0	0	0	0	0
00:21	221751	0	0	0	1	20	16	0	0	0	0	0	0	0	0
00:21	221759	0	0	0	1	22	16	0	0	0	0	0	0	0	0
00:21	221767	0	0	0	1	22	16	0	0	0	0	0	0	0	0
00:20	221775	0	0	0	1	23	16	0	0	0	0	0	0	0	0
00:20	221783	0	0	0	1	22	16	0	0	0	0	0	0	0	0
00:20	221791	0	0	0	1	22	16	0	0	0	0	0	0	0	0
00:20	221799	1	1	0	0	32	17	0	0	0	0	0	0	0	0
00:20	221807	1	0	0	1	35	17	0	0	0	0	0	0	0	0
00:20	221815	0	0	1	1	23	16	0	0	0	0	0	0	0	0
00:20	221823	0	0	1	1	22	16	0	0	0	0	0	0	0	0
00:20	221831	0	0	1	1	22	16	0	0	0	0	0	0	0	0
00:20	221839	0	0	1	1	25	17	0	0	0	0	0	0	0	0
00:20	221847	0	0	1	1	24	17	0	0	0	0	0	0	0	0
00:20	221855	0	0	1	1	24	16	0	0	0	0	0	0	0	0
00:20	221863	0	0	1	1	24	16	0	0	0	0	0	0	0	0
00:20	221871	0	0	1	1	24	16	0	0	0	0	0	0	0	0
00:20	221879	0	0	1	1	23	16	0	0	0	0	0	0	0	0
00:20	221887	0	0	1	1	22	16	0	0	0	0	0	0	0	0
00:20	221895	0	0	1	1	22	16	0	0	0	0	0	0	0	0
00:19	221903	0	1	0	0	29	16	0	0	0	0	0	0	0	0
00:19	221911	0	1	0	0	37	16	0	0	0	0	0	0	0	0
00:19	221919	1	1	0	0	38	13	0	0	0	0	0	0	0	0
00:19	221927	1	1	0	0	26	16	0	0	0	0	0	0	0	0
00:19	221935	1	1	0	0	22	16	0	0	0	0	0	0	0	0
00:19	221943	1	1	0	0	22	16	0	0	0	0	0	0	0	0
00:19	221951	1	1	0	0	23	16	0	0	0	0	0	0	0	0
00:19	221959	1	1	0	0	23	16	0	0	0	0	0	0	0	0
00:19	221967	1	1	0	0	22	16	0	0	0	0	0	0	0	0
00:19	221975	0	1	0	0	22	16	0	0	0	0	0	0	0	0
00:19	221983	1	1	0	0	22	16	0	0	0	0	0	0	0	0
00:19	221991	1	1	0	0	22	16	0	0	0	0	0	0	0	0
00:19	221999	1	1	0	0	22	16	0	0	0	0	0	0	0	0
00:19	222007	1	1	0	0	22	16	0	0	0	0	0	0	0	0
00:19	222015	1	1	0	0	22	16	0	0	0	0	0	0	0	0
00:18	222023	1	1	0	0	22	16	0	0	0	0	0	0	0	0
00:18	222031	1	1	0	0	17	15	0	0	0	0	0	0	0	0
00:18	222039	1	1	0	0	21	15	0	0	0	0	0	0	0	0
00:18	222047	1	1	0	0	22	16	0	0	0	0	0	0	0	0
00:18	222055	1	1	0	0	22	16	0	0	0	0	0	0	0	0
00:18	222063	1	1	0	0	22	16	0	0	0	0	0	0	0	0
00:18	222071	1	1	0	0	22	16	0	0	0	0	0	0	0	0
00:18	222079	1	1	0	0	22	16	0	0	0	0	0	0	0	0
00:18	222087	1	1	0	0	22	16	0	0	0	0	0	0	0	0
00:18	222095	1	1	0	0	22	16	0	0	0	0	0	0	0	0
00:18	222103	1	1	0	0	22	16	0	0	0	0	0	0	0	0
00:18	222111	1	1	0	0	17	14	0	0	0	0	0	0	0	0
00:18	222119	1	1	0	0	18	15	0	0	0	0	0	0	0	0
00:18	222127	1	1	0	0	22	16	0	0	0	0	0	0	0	0
00:18	222135	1	1	0	0	22	16	0	0	0	0	0	0	0	0
00:18	222143	1	1	0	0	22	16	0	0	0	0	0	0	0	0
00:17	222151	1	1	0	0	22	16	0	0	0	0	0	0	0	0
00:17	222159	1	1	0	0	22	16	0	0	0	0	0	0	0	0
00:17	222167	1	1	0	0	22	16	0	0	0	0	0	0	0	0
00:17	222175	1	1	0	0	22	16	0	0	0	0	0	0	0	0
00:17	222183	1	1	0	0	22	16	0	0	0	0	0	0	0	0
00:17	222191	1	1	0	0	22	16	0	0	0	0	0	0	0	0
00:17	222199	1	1	0	0	22	16	0	0	0	0	0	0	0	0
00:17	222207	1	0	0	1	22	16	0	0	0	0	0	0	0	0
00:17	222215	1	0	0	1	22	16	0	0	0	0	0	0	0	0
00:17	222223	1	0	0	1	21	16	0	0	0	0	0	0	0	0
00:17	222231	0	1	0	0	22	16	0	0	0	0	0	0	0	0
00:17	222239	0	1	0	0	22	16	0	0	0	0	0	0	0	0
00:17	222247	1	0	0	1	22	16	0	0	0	0	0	0	0	0
00:17	222255	1	0	0	1	22	16	0	0	0	0	0	0	0	0
00:17	222263	1	0	0	1	22	16	0	0	0	0	0	0	0	0
00:17	222271	1	0	0	1	22	16	0	0	0	0	0	0	0	0
00:16	222279	1	0	0	0	22	16	0	0	0	0	0	0	0	0
00:16	222287	1	0	0	0	22	16	0	0	0	0	0	0	0	0
00:16	222295	1	0	0	0	22	16	0	0	0	0	0	0	0	0
00:16	222303	1	0	0	0	22	16	0	0	0	0	0	0	0	0
00:16	222311	1	0	0	0	22	16	0	0	0	0	0	0	0	0
00:16	222319	1	0	0	0	22	16	0	0	0	0	0	0	0	0
00:16	222327	1	0	0	0	22	16	0	0	0	0	0	0	0	0
00:16	222335	1	0	0	0	22	16	0	0	0	0	0	0	0	0
00:16	222343	1	0	0	0	22	16	0	0	0	0	0	0	0	0
00:16	222351	1	0	0	0	22	16	0	0	0	0	0	0	0	0
00:16	222359	1	1	0	0	22	16	0	0	0	0	0	0	0	0
00:16	222367	1	1	0	0	18	17	0	0	0	0	0	0	0	0
00:16	222375	1	1	0	0	14	19	0	0	0	0	0	0	0	0
00:16	222383	1	1	0	0	16	18	0	0	0	0	0	0	0	0
00:16	222391	1	1	0	0	18	17	0	0	0	0	0	0	0	0
00:16	222399	1	1	0	0	20	16	0	0	0	0	0	0	0	0
00:15	222407	0	1	0	0	21	16	0	0	0	0	0	0	0	0
00:15	222415	0	1	0	0	22	16	1	0	0	0	0	0	0	0
00:15	222423	0	1	0	0	22	16	0	0	0	0	0	0	0	0
00:15	222431	0	1	0	0	22	16	0	0	0	0	0	0	0	0
00:15	222439	0	1	0	0	22	16	1	0	0	0	0	0	0	0
00:15	222447	1	1	0	0	22	16	0	0	0	0	0	0	0	0
00:15	222455	1	0	0	1	23	16	1	0	0	0	0	0	0	0
00:15	222463	1	0	0	1	22	16	1	0	0	0	0	0	0	0
00:15	222471	1	0	0	1	22	17	0	0	0	0	0	0	0	0
00:15	222479	0	0	0	1	22	17	1	0	0	0	0	0	0	0
00:15	222487	0	0	0	1	20	17	0	0	0	0	0	0	0	0
00:15	222495	0	0	0	1	21	16	1	0	0	1	0	0	0	0
00:15	222503	0	0	0	1	23	16	1	0	0	1	0	0	0	0
00:15	222511	0	0	0	1	23	16	0	0	0	1	0	0	0	0
00:15	222519	0	0	0	1	23	16	1	0	0	1	0	0	0	0
00:15	222527	0	0	0	1	22	17	1	0	0	1	0	0	0	0
00:14	222535	0	0	0	1	21	17	0	0	0	1	0	0	0	0
00:14	222543	0	0	0	1	22	16	1	0	0	1	0	0	0	0
00:14	222551	0	0	0	1	22	16	0	0	0	1	0	0	0	0
00:14	222559	0	0	0	1	24	16	1	0	0	1	0	0	0	0
00:14	222567	0	0	0	1	22	16	0	0	0	1	0	0	0	0
00:14	222575	0	0	0	1	23	16	0	0	1	1	0	0	0	1